# HB H2O+ filter
# Farnham et al. 2000
# X: 3/6/97, 17:45:31
wave    transmission
-----   ------------
680.0	0.0023
680.1	0.0030
680.2	0.0025
680.3	0.0015
680.4	0.0034
680.5	0.0050
680.6	0.0027
680.7	0.0013
680.8	0.0015
680.9	0.0039
681.0	0.0031
681.1	0.0007
681.2	0.0030
681.3	0.0034
681.4	0.0015
681.5	0.0013
681.6	0.0012
681.7	-0.0008
681.8	-0.0004
681.9	0.0028
682.0	0.0029
682.1	0.0048
682.2	0.0017
682.3	0.0038
682.4	0.0022
682.5	0.0002
682.6	0.0026
682.7	0.0029
682.8	0.0043
682.9	0.0041
683.0	0.0028
683.1	0.0042
683.2	0.0027
683.3	0.0034
683.4	0.0032
683.5	0.0027
683.6	0.0036
683.7	0.0061
683.8	0.0067
683.9	0.0043
684.0	0.0053
684.1	0.0072
684.2	0.0093
684.3	0.0078
684.4	0.0059
684.5	0.0081
684.6	0.0077
684.7	0.0063
684.8	0.0066
684.9	0.0082
685.0	0.0097
685.1	0.0118
685.2	0.0133
685.3	0.0127
685.4	0.0113
685.5	0.0110
685.6	0.0123
685.7	0.0191
685.8	0.0185
685.9	0.0157
686.0	0.0199
686.1	0.0167
686.2	0.0237
686.3	0.0264
686.4	0.0259
686.5	0.0287
686.6	0.0279
686.7	0.0264
686.8	0.0296
686.9	0.0303
687.0	0.0347
687.1	0.0400
687.2	0.0421
687.3	0.0450
687.4	0.0467
687.5	0.0488
687.6	0.0533
687.7	0.0610
687.8	0.0608
687.9	0.0619
688.0	0.0712
688.1	0.0812
688.2	0.0873
688.3	0.0919
688.4	0.0974
688.5	0.1024
688.6	0.1097
688.7	0.1235
688.8	0.1318
688.9	0.1484
689.0	0.1502
689.1	0.1579
689.2	0.1641
689.3	0.1863
689.4	0.2025
689.5	0.2198
689.6	0.2370
689.7	0.2448
689.8	0.2658
689.9	0.2986
690.0	0.3302
690.1	0.3521
690.2	0.3766
690.3	0.3906
690.4	0.4205
690.5	0.4737
690.6	0.5332
690.7	0.5633
690.8	0.6395
690.9	0.7231
691.0	0.7698
691.1	0.8299
691.2	0.9173
691.3	1.0342
691.4	1.1582
691.5	1.2665
691.6	1.4073
691.7	1.5890
691.8	1.8191
691.9	2.0370
692.0	2.2484
692.1	2.4824
692.2	2.7414
692.3	3.0870
692.4	3.5188
692.5	3.9861
692.6	4.6193
692.7	5.3033
692.8	5.9793
692.9	6.6133
693.0	7.3515
693.1	8.4390
693.2	9.7679
693.3	11.0736
693.4	12.2704
693.5	13.8052
693.6	16.0821
693.7	18.8656
693.8	21.2518
693.9	23.2904
694.0	25.3211
694.1	27.4954
694.2	30.0552
694.3	32.8810
694.4	36.0286
694.5	39.2020
694.6	42.1028
694.7	44.4232
694.8	46.4022
694.9	48.4267
695.0	50.9435
695.1	53.2443
695.2	55.0514
695.3	56.5348
695.4	58.0416
695.5	59.7446
695.6	61.2941
695.7	62.6151
695.8	63.4116
695.9	64.0885
696.0	64.6320
696.1	65.4325
696.2	66.0564
696.3	66.6234
696.4	67.4565
696.5	68.0660
696.6	68.3919
696.7	68.7574
696.8	68.7672
696.9	69.0135
697.0	69.7242
697.1	69.9809
697.2	70.1314
697.3	70.3044
697.4	70.1646
697.5	70.1911
697.6	70.3012
697.7	70.4530
697.8	70.4920
697.9	70.6083
698.0	70.6553
698.1	70.7028
698.2	70.8294
698.3	70.9113
698.4	70.8751
698.5	71.1085
698.6	71.4042
698.7	71.4287
698.8	71.4452
698.9	71.4295
699.0	71.5949
699.1	71.7976
699.2	71.9185
699.3	72.1291
699.4	72.2724
699.5	72.2528
699.6	72.4411
699.7	72.4899
699.8	72.3943
699.9	72.6745
700.0	72.6767
700.1	72.9460
700.2	73.1023
700.3	73.2640
700.4	73.2750
700.5	73.2910
700.6	73.3668
700.7	73.6551
700.8	73.7158
700.9	73.7105
701.0	73.8886
701.1	73.9278
701.2	73.8596
701.3	73.9132
701.4	73.9085
701.5	74.1817
701.6	74.2645
701.7	74.1228
701.8	74.0617
701.9	74.0418
702.0	74.0412
702.1	74.0312
702.2	74.0731
702.3	74.0739
702.4	73.9475
702.5	74.1385
702.6	74.1252
702.7	73.9349
702.8	73.8692
702.9	73.8802
703.0	73.6611
703.1	73.9128
703.2	73.9087
703.3	73.9096
703.4	73.7375
703.5	73.6533
703.6	73.5565
703.7	73.6216
703.8	73.8995
703.9	74.0609
704.0	73.8762
704.1	73.6448
704.2	73.6817
704.3	73.8989
704.4	73.7353
704.5	73.4111
704.6	73.2744
704.7	73.2617
704.8	73.3069
704.9	73.1246
705.0	72.9999
705.1	72.7997
705.2	72.5549
705.3	72.5651
705.4	72.6938
705.5	72.6798
705.6	72.5057
705.7	72.3221
705.8	72.3588
705.9	72.4566
706.0	72.4516
706.1	72.1591
706.2	72.0199
706.3	71.8672
706.4	71.9005
706.5	71.8944
706.6	71.7632
706.7	71.6616
706.8	71.4710
706.9	71.4551
707.0	71.4275
707.1	71.3564
707.2	71.3507
707.3	71.3599
707.4	71.3733
707.5	71.3167
707.6	71.3243
707.7	71.4277
707.8	71.2609
707.9	71.4669
708.0	71.6283
708.1	71.3210
708.2	71.3111
708.3	71.4266
708.4	71.4032
708.5	71.3071
708.6	71.2043
708.7	71.1806
708.8	71.1713
708.9	70.9264
709.0	70.6319
709.1	70.1962
709.2	70.0037
709.3	69.3509
709.4	68.5656
709.5	67.7531
709.6	66.5099
709.7	65.4191
709.8	64.2713
709.9	63.0672
710.0	61.2619
710.1	58.9822
710.2	56.8474
710.3	54.5496
710.4	51.9205
710.5	48.2747
710.6	44.3678
710.7	41.1340
710.8	38.6059
710.9	36.0648
711.0	33.4340
711.1	30.5118
711.2	27.4478
711.3	24.5187
711.4	21.6698
711.5	19.2720
711.6	17.4678
711.7	15.9796
711.8	14.3259
711.9	12.5367
712.0	10.9254
712.1	9.7996
712.2	8.8366
712.3	7.7541
712.4	6.6414
712.5	5.6064
712.6	4.9990
712.7	4.5413
712.8	4.1723
712.9	3.7920
713.0	3.3580
713.1	2.9517
713.2	2.5981
713.3	2.3007
713.4	2.0667
713.5	1.8949
713.6	1.7457
713.7	1.5715
713.8	1.4059
713.9	1.2598
714.0	1.1437
714.1	1.0292
714.2	0.9237
714.3	0.8010
714.4	0.7286
714.5	0.6767
714.6	0.6233
714.7	0.5818
714.8	0.5260
714.9	0.4847
715.0	0.4463
715.1	0.4250
715.2	0.3766
715.3	0.3355
715.4	0.3223
715.5	0.2998
715.6	0.2759
715.7	0.2608
715.8	0.2502
715.9	0.2298
716.0	0.2050
716.1	0.1920
716.2	0.1847
716.3	0.1716
716.4	0.1586
716.5	0.1572
716.6	0.1457
716.7	0.1382
716.8	0.1267
716.9	0.1182
717.0	0.1117
717.1	0.1013
717.2	0.0980
717.3	0.0959
717.4	0.0953
717.5	0.0899
717.6	0.0811
717.7	0.0774
717.8	0.0711
717.9	0.0702
718.0	0.0648
718.1	0.0589
718.2	0.0599
718.3	0.0509
718.4	0.0485
718.5	0.0511
718.6	0.0497
718.7	0.0463
718.8	0.0427
718.9	0.0368
719.0	0.0300
719.1	0.0361
719.2	0.0342
719.3	0.0313
719.4	0.0311
719.5	0.0255
719.6	0.0184
719.7	0.0288
719.8	0.0277
719.9	0.0251
720.0	0.0266
