# PanSTARRS1 rp1, m2 e- / photon
# Tonry et al. 2012, ApJ 750, 99
# https://iopscience.iop.org/0004-637X/750/2/99/suppdata/apj425122t3_mrt.txt
Wave                 rp1
---- -------------------
 380                 0.0
 381                 0.0
 382                 0.0
 383                 0.0
 384                 0.0
 385                 0.0
 386                 0.0
 387                 0.0
 388                 0.0
 389                 0.0
 390                 0.0
 391                 0.0
 392                 0.0
 393                 0.0
 394                 0.0
 395                 0.0
 396                 0.0
 397                 0.0
 398                 0.0
 399                 0.0
 400                 0.0
 401                 0.0
 402                 0.0
 403                 0.0
 404                 0.0
 405                 0.0
 406                 0.0
 407                 0.0
 408                 0.0
 409                 0.0
 410                 0.0
 411                 0.0
 412                 0.0
 413                 0.0
 414                 0.0
 415                 0.0
 416                 0.0
 417                 0.0
 418                 0.0
 419                 0.0
 420                 0.0
 421                 0.0
 422                 0.0
 423                 0.0
 424                 0.0
 425                 0.0
 426                 0.0
 427                 0.0
 428                 0.0
 429                 0.0
 430                 0.0
 431                 0.0
 432                 0.0
 433                 0.0
 434                 0.0
 435                 0.0
 436                 0.0
 437                 0.0
 438                 0.0
 439                 0.0
 440                 0.0
 441                 0.0
 442                 0.0
 443                 0.0
 444                 0.0
 445                 0.0
 446                 0.0
 447                 0.0
 448                 0.0
 449                 0.0
 450                 0.0
 451                 0.0
 452                 0.0
 453                 0.0
 454                 0.0
 455                 0.0
 456                 0.0
 457                 0.0
 458                 0.0
 459                 0.0
 460                 0.0
 461                 0.0
 462                 0.0
 463                 0.0
 464                 0.0
 465                 0.0
 466                 0.0
 467                 0.0
 468                 0.0
 469                 0.0
 470                 0.0
 471                 0.0
 472                 0.0
 473                 0.0
 474                 0.0
 475                 0.0
 476                 0.0
 477                 0.0
 478                 0.0
 479                 0.0
 480                 0.0
 481                 0.0
 482                 0.0
 483                 0.0
 484                 0.0
 485                 0.0
 486                 0.0
 487                 0.0
 488                 0.0
 489                 0.0
 490                 0.0
 491                 0.0
 492                 0.0
 493                 0.0
 494                 0.0
 495                 0.0
 496                 0.0
 497                 0.0
 498                 0.0
 499                 0.0
 500                 0.0
 501                 0.0
 502                 0.0
 503                 0.0
 504                 0.0
 505                 0.0
 506                 0.0
 507                 0.0
 508                 0.0
 509                 0.0
 510                 0.0
 511                 0.0
 512                 0.0
 513                 0.0
 514                 0.0
 515                 0.0
 516                 0.0
 517                 0.0
 518                 0.0
 519                 0.0
 520                 0.0
 521                 0.0
 522                 0.0
 523                 0.0
 524                 0.0
 525                 0.0
 526                 0.0
 527                 0.0
 528                 0.0
 529                0.01
 530                0.01
 531                0.01
 532                0.01
 533                0.01
 534                0.02
 535                0.02
 536                0.03
 537                0.04
 538                0.05
 539                0.08
 540 0.10999999999999999
 541                0.17
 542                0.26
 543                 0.4
 544                0.62
 545  0.9299999999999999
 546                1.34
 547  1.8399999999999999
 548                2.42
 549                3.05
 550                3.67
 551  4.2299999999999995
 552  4.6899999999999995
 553                5.04
 554                5.28
 555                5.44
 556  5.5600000000000005
 557  5.6499999999999995
 558   5.699999999999999
 559                5.75
 560   5.779999999999999
 561   5.819999999999999
 562                5.84
 563   5.859999999999999
 564                5.88
 565  5.8999999999999995
 566                5.91
 567                5.92
 568                5.92
 569                5.91
 570                5.91
 571                5.89
 572   5.859999999999999
 573                5.83
 574                5.81
 575   5.819999999999999
 576   5.859999999999999
 577                5.92
 578                5.99
 579                6.06
 580                6.12
 581                6.15
 582                6.17
 583                6.17
 584                6.16
 585                6.14
 586   6.109999999999999
 587                6.09
 588                6.09
 589                 6.1
 590                6.15
 591                6.21
 592                6.23
 593                6.23
 594                6.21
 595                6.21
 596                6.24
 597                6.28
 598                6.33
 599                6.38
 600                6.41
 601                6.42
 602                6.44
 603   6.470000000000001
 604                6.49
 605                6.51
 606  6.5200000000000005
 607                6.53
 608                6.54
 609   6.550000000000001
 610   6.550000000000001
 611  6.5600000000000005
 612  6.5600000000000005
 613                6.57
 614  6.5600000000000005
 615                6.53
 616                6.48
 617                6.43
 618                 6.4
 619                 6.4
 620                6.42
 621                6.45
 622                6.48
 623   6.470000000000001
 624                6.46
 625                6.46
 626                6.48
 627  6.5200000000000005
 628                6.41
 629   6.550000000000001
 630                6.57
 631                6.62
 632                6.62
 633  6.6000000000000005
 634  6.6000000000000005
 635  6.6000000000000005
 636   6.630000000000001
 637   6.680000000000001
 638                6.73
 639                6.78
 640  6.8100000000000005
 641   6.840000000000001
 642  6.8500000000000005
 643                6.86
 644   6.870000000000001
 645                6.86
 646  6.8500000000000005
 647   6.840000000000001
 648                6.83
 649                6.83
 650  6.8500000000000005
 651                6.86
 652   6.840000000000001
 653                6.86
 654   6.870000000000001
 655   6.840000000000001
 656   6.840000000000001
 657                6.82
 658                6.82
 659  6.8100000000000005
 660   6.790000000000001
 661  6.7700000000000005
 662                6.75
 663   6.720000000000001
 664                6.69
 665                6.66
 666   6.640000000000001
 667   6.630000000000001
 668   6.630000000000001
 669   6.630000000000001
 670   6.630000000000001
 671                6.62
 672                6.62
 673  6.6000000000000005
 674                6.58
 675   6.550000000000001
 676  6.5200000000000005
 677                6.49
 678                6.44
 679   6.390000000000001
 680                6.33
 681                6.26
 682                6.17
 683                6.08
 684   5.949999999999999
 685   5.789999999999999
 686  5.5600000000000005
 687                4.27
 688                4.28
 689                3.91
 690                3.46
 691                3.05
 692                2.55
 693                2.04
 694                1.56
 695  1.1600000000000001
 696  0.8400000000000001
 697                 0.6
 698 0.42000000000000004
 699 0.29000000000000004
 700 0.21000000000000002
 701                0.15
 702 0.10999999999999999
 703                0.08
 704                0.06
 705                0.05
 706                0.04
 707                0.03
 708                0.02
 709                0.02
 710                0.01
 711                0.01
 712                0.01
 713                0.01
 714                 0.0
 715                 0.0
 716                 0.0
 717                 0.0
 718                 0.0
 719                 0.0
 720                 0.0
 721                 0.0
 722                 0.0
 723                 0.0
 724                 0.0
 725                 0.0
 726                 0.0
 727                 0.0
 728                 0.0
 729                 0.0
 730                 0.0
 731                 0.0
 732                 0.0
 733                 0.0
 734                 0.0
 735                 0.0
 736                 0.0
 737                 0.0
 738                 0.0
 739                 0.0
 740                 0.0
 741                 0.0
 742                 0.0
 743                 0.0
 744                 0.0
 745                 0.0
 746                 0.0
 747                 0.0
 748                 0.0
 749                 0.0
 750                 0.0
 751                 0.0
 752                 0.0
 753                 0.0
 754                 0.0
 755                 0.0
 756                 0.0
 757                 0.0
 758                 0.0
 759                 0.0
 760                 0.0
 761                 0.0
 762                 0.0
 763                 0.0
 764                 0.0
 765                 0.0
 766                 0.0
 767                 0.0
 768                 0.0
 769                 0.0
 770                 0.0
 771                 0.0
 772                 0.0
 773                 0.0
 774                 0.0
 775                 0.0
 776                 0.0
 777                 0.0
 778                 0.0
 779                 0.0
 780                 0.0
 781                 0.0
 782                 0.0
 783                 0.0
 784                 0.0
 785                 0.0
 786                 0.0
 787                 0.0
 788                 0.0
 789                 0.0
 790                 0.0
 791                 0.0
 792                 0.0
 793                 0.0
 794                 0.0
 795                 0.0
 796                 0.0
 797                 0.0
 798                 0.0
 799                 0.0
 800                 0.0
 801                 0.0
 802                 0.0
 803                 0.0
 804                 0.0
 805                 0.0
 806                 0.0
 807                 0.0
 808                 0.0
 809                 0.0
 810                 0.0
 811                 0.0
 812                 0.0
 813                 0.0
 814                 0.0
 815                 0.0
 816                 0.0
 817                 0.0
 818                 0.0
 819                 0.0
 820                 0.0
 821                 0.0
 822                 0.0
 823                 0.0
 824                 0.0
 825                 0.0
 826                 0.0
 827                 0.0
 828                 0.0
 829                 0.0
 830                 0.0
 831                 0.0
 832                 0.0
 833                 0.0
 834                 0.0
 835                 0.0
 836                 0.0
 837                 0.0
 838                 0.0
 839                 0.0
 840                 0.0
 841                 0.0
 842                 0.0
 843                 0.0
 844                 0.0
 845                 0.0
 846                 0.0
 847                 0.0
 848                 0.0
 849                 0.0
 850                 0.0
 851                 0.0
 852                 0.0
 853                 0.0
 854                 0.0
 855                 0.0
 856                 0.0
 857                 0.0
 858                 0.0
 859                 0.0
 860                 0.0
 861                 0.0
 862                 0.0
 863                 0.0
 864                 0.0
 865                 0.0
 866                 0.0
 867                 0.0
 868                 0.0
 869                 0.0
 870                 0.0
 871                 0.0
 872                 0.0
 873                 0.0
 874                 0.0
 875                 0.0
 876                 0.0
 877                 0.0
 878                 0.0
 879                 0.0
 880                 0.0
 881                 0.0
 882                 0.0
 883                 0.0
 884                 0.0
 885                 0.0
 886                 0.0
 887                 0.0
 888                 0.0
 889                 0.0
 890                 0.0
 891                 0.0
 892                 0.0
 893                 0.0
 894                 0.0
 895                 0.0
 896                 0.0
 897                 0.0
 898                 0.0
 899                 0.0
 900                 0.0
 901                 0.0
 902                 0.0
 903                 0.0
 904                 0.0
 905                 0.0
 906                 0.0
 907                 0.0
 908                 0.0
 909                 0.0
 910                 0.0
 911                 0.0
 912                 0.0
 913                 0.0
 914                 0.0
 915                 0.0
 916                 0.0
 917                 0.0
 918                 0.0
 919                 0.0
 920                 0.0
 921                 0.0
 922                 0.0
 923                 0.0
 924                 0.0
 925                 0.0
 926                 0.0
 927                 0.0
 928                 0.0
 929                 0.0
 930                 0.0
 931                 0.0
 932                 0.0
 933                 0.0
 934                 0.0
 935                 0.0
 936                 0.0
 937                 0.0
 938                 0.0
 939                 0.0
 940                 0.0
 941                 0.0
 942                 0.0
 943                 0.0
 944                 0.0
 945                 0.0
 946                 0.0
 947                 0.0
 948                 0.0
 949                 0.0
 950                 0.0
 951                 0.0
 952                 0.0
 953                 0.0
 954                 0.0
 955                 0.0
 956                 0.0
 957                 0.0
 958                 0.0
 959                 0.0
 960                 0.0
 961                 0.0
 962                 0.0
 963                 0.0
 964                 0.0
 965                 0.0
 966                 0.0
 967                 0.0
 968                 0.0
 969                 0.0
 970                 0.0
 971                 0.0
 972                 0.0
 973                 0.0
 974                 0.0
 975                 0.0
 976                 0.0
 977                 0.0
 978                 0.0
 979                 0.0
 980                 0.0
 981                 0.0
 982                 0.0
 983                 0.0
 984                 0.0
 985                 0.0
 986                 0.0
 987                 0.0
 988                 0.0
 989                 0.0
 990                 0.0
 991                 0.0
 992                 0.0
 993                 0.0
 994                 0.0
 995                 0.0
 996                 0.0
 997                 0.0
 998                 0.0
 999                 0.0
1000                 0.0
1001                 0.0
1002                 0.0
1003                 0.0
1004                 0.0
1005                 0.0
1006                 0.0
1007                 0.0
1008                 0.0
1009                 0.0
1010                 0.0
1011                 0.0
1012                 0.0
1013                 0.0
1014                 0.0
1015                 0.0
1016                 0.0
1017                 0.0
1018                 0.0
1019                 0.0
1020                 0.0
1021                 0.0
1022                 0.0
1023                 0.0
1024                 0.0
1025                 0.0
1026                 0.0
1027                 0.0
1028                 0.0
1029                 0.0
1030                 0.0
1031                 0.0
1032                 0.0
1033                 0.0
1034                 0.0
1035                 0.0
1036                 0.0
1037                 0.0
1038                 0.0
1039                 0.0
1040                 0.0
1041                 0.0
1042                 0.0
1043                 0.0
1044                 0.0
1045                 0.0
1046                 0.0
1047                 0.0
1048                 0.0
1049                 0.0
1050                 0.0
1051                 0.0
1052                 0.0
1053                 0.0
1054                 0.0
1055                 0.0
1056                 0.0
1057                 0.0
1058                 0.0
1059                 0.0
1060                 0.0
1061                 0.0
1062                 0.0
1063                 0.0
1064                 0.0
1065                 0.0
1066                 0.0
1067                 0.0
1068                 0.0
1069                 0.0
1070                 0.0
1071                 0.0
1072                 0.0
1073                 0.0
1074                 0.0
1075                 0.0
1076                 0.0
1077                 0.0
1078                 0.0
1079                 0.0
1080                 0.0
1081                 0.0
1082                 0.0
1083                 0.0
1084                 0.0
1085                 0.0
1086                 0.0
1087                 0.0
1088                 0.0
1089                 0.0
1090                 0.0
1091                 0.0
1092                 0.0
1093                 0.0
1094                 0.0
1095                 0.0
1096                 0.0
1097                 0.0
1098                 0.0
1099                 0.0
1100                 0.0
