# PanSTARRS1 zp1, m2 e- / photon
# Tonry et al. 2012, ApJ 750, 99
# https://iopscience.iop.org/0004-637X/750/2/99/suppdata/apj425122t3_mrt.txt
Wave                 zp1
---- -------------------
 380                 0.0
 381                 0.0
 382                 0.0
 383                 0.0
 384                 0.0
 385                 0.0
 386                 0.0
 387                 0.0
 388                 0.0
 389                 0.0
 390                 0.0
 391                 0.0
 392                 0.0
 393                 0.0
 394                 0.0
 395                 0.0
 396                 0.0
 397                 0.0
 398                 0.0
 399                 0.0
 400                 0.0
 401                 0.0
 402                 0.0
 403                 0.0
 404                 0.0
 405                 0.0
 406                 0.0
 407                 0.0
 408                 0.0
 409                 0.0
 410                 0.0
 411                 0.0
 412                 0.0
 413                 0.0
 414                 0.0
 415                 0.0
 416                 0.0
 417                 0.0
 418                 0.0
 419                 0.0
 420                 0.0
 421                 0.0
 422                 0.0
 423                 0.0
 424                 0.0
 425                 0.0
 426                 0.0
 427                 0.0
 428                 0.0
 429                 0.0
 430                 0.0
 431                 0.0
 432                 0.0
 433                 0.0
 434                 0.0
 435                 0.0
 436                 0.0
 437                 0.0
 438                 0.0
 439                 0.0
 440                 0.0
 441                 0.0
 442                 0.0
 443                 0.0
 444                 0.0
 445                 0.0
 446                 0.0
 447                 0.0
 448                 0.0
 449                 0.0
 450                 0.0
 451                 0.0
 452                 0.0
 453                 0.0
 454                 0.0
 455                 0.0
 456                 0.0
 457                 0.0
 458                 0.0
 459                 0.0
 460                 0.0
 461                 0.0
 462                 0.0
 463                 0.0
 464                 0.0
 465                 0.0
 466                 0.0
 467                 0.0
 468                 0.0
 469                 0.0
 470                 0.0
 471                 0.0
 472                 0.0
 473                 0.0
 474                 0.0
 475                 0.0
 476                 0.0
 477                 0.0
 478                 0.0
 479                 0.0
 480                 0.0
 481                 0.0
 482                 0.0
 483                 0.0
 484                 0.0
 485                 0.0
 486                 0.0
 487                 0.0
 488                 0.0
 489                 0.0
 490                 0.0
 491                 0.0
 492                 0.0
 493                 0.0
 494                 0.0
 495                 0.0
 496                 0.0
 497                 0.0
 498                 0.0
 499                 0.0
 500                 0.0
 501                 0.0
 502                 0.0
 503                 0.0
 504                 0.0
 505                 0.0
 506                 0.0
 507                 0.0
 508                 0.0
 509                 0.0
 510                 0.0
 511                 0.0
 512                 0.0
 513                 0.0
 514                 0.0
 515                 0.0
 516                 0.0
 517                 0.0
 518                 0.0
 519                 0.0
 520                 0.0
 521                 0.0
 522                 0.0
 523                 0.0
 524                 0.0
 525                 0.0
 526                 0.0
 527                 0.0
 528                 0.0
 529                 0.0
 530                 0.0
 531                 0.0
 532                 0.0
 533                 0.0
 534                 0.0
 535                 0.0
 536                 0.0
 537                 0.0
 538                 0.0
 539                 0.0
 540                 0.0
 541                 0.0
 542                 0.0
 543                 0.0
 544                 0.0
 545                 0.0
 546                 0.0
 547                 0.0
 548                 0.0
 549                 0.0
 550                 0.0
 551                 0.0
 552                 0.0
 553                 0.0
 554                 0.0
 555                 0.0
 556                 0.0
 557                 0.0
 558                 0.0
 559                 0.0
 560                 0.0
 561                 0.0
 562                 0.0
 563                 0.0
 564                 0.0
 565                 0.0
 566                 0.0
 567                 0.0
 568                 0.0
 569                 0.0
 570                 0.0
 571                 0.0
 572                 0.0
 573                 0.0
 574                 0.0
 575                 0.0
 576                 0.0
 577                 0.0
 578                 0.0
 579                 0.0
 580                 0.0
 581                 0.0
 582                 0.0
 583                 0.0
 584                 0.0
 585                 0.0
 586                 0.0
 587                 0.0
 588                 0.0
 589                 0.0
 590                 0.0
 591                 0.0
 592                 0.0
 593                 0.0
 594                 0.0
 595                 0.0
 596                 0.0
 597                 0.0
 598                 0.0
 599                 0.0
 600                 0.0
 601                 0.0
 602                 0.0
 603                 0.0
 604                 0.0
 605                 0.0
 606                 0.0
 607                 0.0
 608                 0.0
 609                 0.0
 610                 0.0
 611                 0.0
 612                 0.0
 613                 0.0
 614                 0.0
 615                 0.0
 616                 0.0
 617                 0.0
 618                 0.0
 619                 0.0
 620                 0.0
 621                 0.0
 622                 0.0
 623                 0.0
 624                 0.0
 625                 0.0
 626                 0.0
 627                 0.0
 628                 0.0
 629                 0.0
 630                 0.0
 631                 0.0
 632                 0.0
 633                 0.0
 634                 0.0
 635                 0.0
 636                 0.0
 637                 0.0
 638                 0.0
 639                 0.0
 640                 0.0
 641                 0.0
 642                 0.0
 643                 0.0
 644                 0.0
 645                 0.0
 646                 0.0
 647                 0.0
 648                 0.0
 649                 0.0
 650                 0.0
 651                 0.0
 652                 0.0
 653                 0.0
 654                 0.0
 655                 0.0
 656                 0.0
 657                 0.0
 658                 0.0
 659                 0.0
 660                 0.0
 661                 0.0
 662                 0.0
 663                 0.0
 664                 0.0
 665                 0.0
 666                 0.0
 667                 0.0
 668                 0.0
 669                 0.0
 670                 0.0
 671                 0.0
 672                 0.0
 673                 0.0
 674                 0.0
 675                 0.0
 676                 0.0
 677                 0.0
 678                 0.0
 679                 0.0
 680                 0.0
 681                 0.0
 682                 0.0
 683                 0.0
 684                 0.0
 685                 0.0
 686                 0.0
 687                 0.0
 688                 0.0
 689                 0.0
 690                 0.0
 691                 0.0
 692                 0.0
 693                 0.0
 694                 0.0
 695                 0.0
 696                 0.0
 697                 0.0
 698                 0.0
 699                 0.0
 700                 0.0
 701                 0.0
 702                 0.0
 703                 0.0
 704                 0.0
 705                 0.0
 706                 0.0
 707                 0.0
 708                 0.0
 709                 0.0
 710                 0.0
 711                 0.0
 712                 0.0
 713                 0.0
 714                 0.0
 715                 0.0
 716                 0.0
 717                 0.0
 718                 0.0
 719                 0.0
 720                 0.0
 721                 0.0
 722                 0.0
 723                 0.0
 724                 0.0
 725                 0.0
 726                 0.0
 727                 0.0
 728                 0.0
 729                 0.0
 730                 0.0
 731                 0.0
 732                 0.0
 733                 0.0
 734                 0.0
 735                 0.0
 736                 0.0
 737                 0.0
 738                 0.0
 739                 0.0
 740                 0.0
 741                 0.0
 742                 0.0
 743                 0.0
 744                 0.0
 745                 0.0
 746                 0.0
 747                 0.0
 748                 0.0
 749                 0.0
 750                 0.0
 751                 0.0
 752                 0.0
 753                 0.0
 754                 0.0
 755                 0.0
 756                 0.0
 757                 0.0
 758                 0.0
 759                 0.0
 760                 0.0
 761                 0.0
 762                 0.0
 763                 0.0
 764                 0.0
 765                 0.0
 766                 0.0
 767                 0.0
 768                 0.0
 769                 0.0
 770                 0.0
 771                 0.0
 772                 0.0
 773                 0.0
 774                 0.0
 775                 0.0
 776                 0.0
 777                 0.0
 778                 0.0
 779                 0.0
 780                 0.0
 781                 0.0
 782                 0.0
 783                 0.0
 784                 0.0
 785                0.01
 786                0.01
 787                0.01
 788                0.01
 789                0.01
 790                0.01
 791                0.01
 792                0.01
 793                0.01
 794                0.02
 795                0.02
 796                0.02
 797                0.03
 798                0.04
 799                0.05
 800                0.06
 801                0.07
 802                0.08
 803                0.09
 804                0.12
 805                0.15
 806                0.19
 807                0.25
 808                0.34
 809 0.44999999999999996
 810                 0.6
 811                0.79
 812                1.01
 813                1.29
 814                 1.6
 815  2.0300000000000002
 816                2.52
 817                3.18
 818                3.97
 819                4.99
 820                5.88
 821   6.959999999999999
 822                7.61
 823                 7.5
 824                8.33
 825                8.49
 826                 8.5
 827   8.629999999999999
 828                8.39
 829                 8.6
 830                8.58
 831                8.57
 832                8.45
 833                8.62
 834                8.57
 835                8.67
 836                8.67
 837                8.77
 838                8.79
 839                 8.8
 840                 8.8
 841                8.76
 842                8.73
 843                8.71
 844                8.69
 845                8.69
 846                8.68
 847                8.68
 848                8.67
 849                8.66
 850                8.65
 851   8.629999999999999
 852                8.61
 853                8.58
 854                8.55
 855                8.54
 856                8.52
 857                 8.5
 858                8.48
 859                8.48
 860                8.49
 861                 8.5
 862                8.51
 863                 8.5
 864                8.49
 865                8.49
 866                8.48
 867   8.459999999999999
 868                8.45
 869                8.43
 870                 8.4
 871                8.39
 872                8.37
 873                8.35
 874                8.33
 875                8.32
 876   8.309999999999999
 877                8.29
 878                8.27
 879                8.24
 880                 8.2
 881                8.16
 882   8.100000000000001
 883                8.06
 884                8.01
 885   7.960000000000001
 886                7.92
 887                 7.9
 888                7.87
 889                7.86
 890                7.83
 891                7.83
 892  7.8100000000000005
 893  7.7700000000000005
 894                7.73
 895   7.640000000000001
 896                7.47
 897  7.2299999999999995
 898                7.27
 899   6.710000000000001
 900  7.1899999999999995
 901                6.97
 902                 7.1
 903   6.909999999999999
 904                 7.3
 905                7.25
 906                7.14
 907   6.870000000000001
 908   6.879999999999999
 909  6.9399999999999995
 910                6.83
 911   6.909999999999999
 912   6.800000000000001
 913                6.66
 914                6.53
 915                6.59
 916                6.25
 917                6.42
 918                5.92
 919  5.8999999999999995
 920                5.49
 921                5.04
 922                4.29
 923                3.61
 924  2.8299999999999996
 925                2.14
 926                1.58
 927  1.1600000000000001
 928                0.79
 929  0.5700000000000001
 930                0.39
 931                0.28
 932                0.19
 933                0.14
 934                 0.1
 935                0.08
 936                0.06
 937                0.05
 938                0.04
 939                0.04
 940                0.04
 941                0.03
 942                0.02
 943                0.02
 944                0.02
 945                0.01
 946                0.01
 947                0.01
 948                0.01
 949                0.01
 950                 0.0
 951                0.01
 952                 0.0
 953                 0.0
 954                 0.0
 955                 0.0
 956                 0.0
 957                 0.0
 958                 0.0
 959                 0.0
 960                 0.0
 961                 0.0
 962                 0.0
 963                 0.0
 964                 0.0
 965                 0.0
 966                 0.0
 967                 0.0
 968                 0.0
 969                 0.0
 970                 0.0
 971                 0.0
 972                 0.0
 973                 0.0
 974                 0.0
 975                 0.0
 976                 0.0
 977                 0.0
 978                 0.0
 979                 0.0
 980                 0.0
 981                 0.0
 982                 0.0
 983                 0.0
 984                 0.0
 985                 0.0
 986                 0.0
 987                 0.0
 988                 0.0
 989                 0.0
 990                 0.0
 991                 0.0
 992                 0.0
 993                 0.0
 994                 0.0
 995                 0.0
 996                 0.0
 997                 0.0
 998                 0.0
 999                 0.0
1000                 0.0
1001                 0.0
1002                 0.0
1003                 0.0
1004                 0.0
1005                 0.0
1006                 0.0
1007                 0.0
1008                 0.0
1009                 0.0
1010                 0.0
1011                 0.0
1012                 0.0
1013                 0.0
1014                 0.0
1015                 0.0
1016                 0.0
1017                 0.0
1018                 0.0
1019                 0.0
1020                 0.0
1021                 0.0
1022                 0.0
1023                 0.0
1024                 0.0
1025                 0.0
1026                 0.0
1027                 0.0
1028                 0.0
1029                 0.0
1030                 0.0
1031                 0.0
1032                 0.0
1033                 0.0
1034                 0.0
1035                 0.0
1036                 0.0
1037                 0.0
1038                 0.0
1039                 0.0
1040                 0.0
1041                 0.0
1042                 0.0
1043                 0.0
1044                 0.0
1045                 0.0
1046                 0.0
1047                 0.0
1048                 0.0
1049                 0.0
1050                 0.0
1051                 0.0
1052                 0.0
1053                 0.0
1054                 0.0
1055                 0.0
1056                 0.0
1057                 0.0
1058                 0.0
1059                 0.0
1060                 0.0
1061                 0.0
1062                 0.0
1063                 0.0
1064                 0.0
1065                 0.0
1066                 0.0
1067                 0.0
1068                 0.0
1069                 0.0
1070                 0.0
1071                 0.0
1072                 0.0
1073                 0.0
1074                 0.0
1075                 0.0
1076                 0.0
1077                 0.0
1078                 0.0
1079                 0.0
1080                 0.0
1081                 0.0
1082                 0.0
1083                 0.0
1084                 0.0
1085                 0.0
1086                 0.0
1087                 0.0
1088                 0.0
1089                 0.0
1090                 0.0
1091                 0.0
1092                 0.0
1093                 0.0
1094                 0.0
1095                 0.0
1096                 0.0
1097                 0.0
1098                 0.0
1099                 0.0
1100                 0.0
