# PanSTARRS1 gp1, m2 e- / photon
# Tonry et al. 2012, ApJ 750, 99
# https://iopscience.iop.org/0004-637X/750/2/99/suppdata/apj425122t3_mrt.txt
Wave                 gp1
---- -------------------
 380                 0.0
 381                 0.0
 382                 0.0
 383                 0.0
 384                 0.0
 385                 0.0
 386                 0.0
 387                 0.0
 388                 0.0
 389                 0.0
 390                0.01
 391                0.01
 392                0.01
 393                0.02
 394                0.04
 395                0.07
 396                0.12
 397 0.21000000000000002
 398 0.35000000000000003
 399                0.53
 400                0.73
 401                0.96
 402                1.18
 403                1.35
 404                1.47
 405                1.57
 406  1.6300000000000001
 407  1.6700000000000002
 408  1.7100000000000002
 409                1.75
 410                1.81
 411  1.8599999999999999
 412                1.92
 413  1.9900000000000002
 414                2.04
 415                2.06
 416                2.08
 417                2.11
 418                2.17
 419                2.25
 420                2.33
 421                 2.4
 422                2.46
 423                2.49
 424                 2.5
 425                 2.5
 426  2.5300000000000002
 427                2.59
 428                2.68
 429  2.7700000000000005
 430                2.86
 431  2.9499999999999997
 432                 3.0
 433                3.02
 434                3.02
 435                3.04
 436                3.09
 437                3.16
 438                3.23
 439  3.3000000000000003
 440  3.3600000000000003
 441  3.4000000000000004
 442                3.41
 443  3.4200000000000004
 444  3.4399999999999995
 445  3.4799999999999995
 446                3.54
 447                3.61
 448  3.6799999999999997
 449                3.74
 450                 3.8
 451  3.8600000000000003
 452                3.92
 453                3.96
 454  3.9800000000000004
 455  3.9800000000000004
 456  3.9400000000000004
 457                3.88
 458                3.84
 459  3.8200000000000003
 460                3.84
 461                3.88
 462                3.93
 463                3.96
 464                3.96
 465                3.96
 466                3.97
 467                3.97
 468                3.99
 469                 4.0
 470                4.01
 471  4.0200000000000005
 472                4.03
 473   4.050000000000001
 474                4.08
 475                4.13
 476                4.18
 477                4.24
 478                4.31
 479                4.37
 480                4.41
 481                4.44
 482                4.46
 483                4.48
 484                4.51
 485                4.53
 486  4.5600000000000005
 487                4.58
 488  4.6000000000000005
 489  4.6000000000000005
 490                4.59
 491                4.55
 492                4.51
 493                 4.5
 494                4.53
 495                4.59
 496                4.63
 497                4.67
 498                4.71
 499                4.72
 500                4.71
 501   4.680000000000001
 502                4.66
 503                4.63
 504                4.59
 505                4.57
 506  4.5600000000000005
 507                4.55
 508  4.5600000000000005
 509  4.5600000000000005
 510                4.57
 511                4.58
 512                4.59
 513                4.61
 514                4.65
 515  4.6899999999999995
 516  4.7299999999999995
 517                4.75
 518                4.76
 519                4.75
 520  4.7299999999999995
 521                4.72
 522  4.7299999999999995
 523  4.7299999999999995
 524                4.74
 525  4.7299999999999995
 526                4.72
 527                4.74
 528                4.77
 529                4.83
 530                4.89
 531                4.95
 532                4.98
 533                 5.0
 534                5.01
 535                5.02
 536                5.02
 537                5.02
 538                5.02
 539                5.02
 540                5.01
 541                 5.0
 542                4.96
 543                4.93
 544                4.89
 545   4.859999999999999
 546                4.81
 547                4.67
 548                4.38
 549  3.9000000000000004
 550                3.23
 551                2.48
 552                1.75
 553  1.1300000000000001
 554                0.68
 555 0.41000000000000003
 556                0.25
 557                0.15
 558                0.09
 559                0.06
 560                0.03
 561                0.02
 562                0.02
 563                0.01
 564                0.01
 565                0.01
 566                0.01
 567                 0.0
 568                 0.0
 569                 0.0
 570                 0.0
 571                 0.0
 572                 0.0
 573                 0.0
 574                 0.0
 575                 0.0
 576                 0.0
 577                 0.0
 578                 0.0
 579                 0.0
 580                 0.0
 581                 0.0
 582                 0.0
 583                 0.0
 584                 0.0
 585                 0.0
 586                 0.0
 587                 0.0
 588                 0.0
 589                 0.0
 590                 0.0
 591                 0.0
 592                 0.0
 593                 0.0
 594                 0.0
 595                 0.0
 596                 0.0
 597                 0.0
 598                 0.0
 599                 0.0
 600                 0.0
 601                 0.0
 602                 0.0
 603                 0.0
 604                 0.0
 605                 0.0
 606                 0.0
 607                 0.0
 608                 0.0
 609                 0.0
 610                 0.0
 611                 0.0
 612                 0.0
 613                 0.0
 614                 0.0
 615                 0.0
 616                 0.0
 617                 0.0
 618                 0.0
 619                 0.0
 620                 0.0
 621                 0.0
 622                 0.0
 623                 0.0
 624                 0.0
 625                 0.0
 626                 0.0
 627                 0.0
 628                 0.0
 629                 0.0
 630                 0.0
 631                 0.0
 632                 0.0
 633                 0.0
 634                 0.0
 635                 0.0
 636                 0.0
 637                 0.0
 638                 0.0
 639                 0.0
 640                 0.0
 641                 0.0
 642                 0.0
 643                 0.0
 644                 0.0
 645                 0.0
 646                 0.0
 647                 0.0
 648                 0.0
 649                 0.0
 650                 0.0
 651                 0.0
 652                 0.0
 653                 0.0
 654                 0.0
 655                 0.0
 656                 0.0
 657                 0.0
 658                 0.0
 659                 0.0
 660                 0.0
 661                 0.0
 662                 0.0
 663                 0.0
 664                 0.0
 665                 0.0
 666                 0.0
 667                 0.0
 668                 0.0
 669                 0.0
 670                 0.0
 671                 0.0
 672                 0.0
 673                 0.0
 674                 0.0
 675                 0.0
 676                 0.0
 677                 0.0
 678                 0.0
 679                 0.0
 680                 0.0
 681                 0.0
 682                 0.0
 683                 0.0
 684                 0.0
 685                 0.0
 686                 0.0
 687                 0.0
 688                 0.0
 689                 0.0
 690                 0.0
 691                 0.0
 692                 0.0
 693                 0.0
 694                 0.0
 695                 0.0
 696                 0.0
 697                 0.0
 698                 0.0
 699                 0.0
 700                 0.0
 701                 0.0
 702                 0.0
 703                 0.0
 704                 0.0
 705                 0.0
 706                 0.0
 707                 0.0
 708                 0.0
 709                 0.0
 710                 0.0
 711                 0.0
 712                 0.0
 713                 0.0
 714                 0.0
 715                 0.0
 716                 0.0
 717                 0.0
 718                 0.0
 719                 0.0
 720                 0.0
 721                 0.0
 722                 0.0
 723                 0.0
 724                 0.0
 725                 0.0
 726                 0.0
 727                 0.0
 728                 0.0
 729                 0.0
 730                 0.0
 731                 0.0
 732                 0.0
 733                 0.0
 734                 0.0
 735                 0.0
 736                 0.0
 737                 0.0
 738                 0.0
 739                 0.0
 740                 0.0
 741                 0.0
 742                 0.0
 743                 0.0
 744                 0.0
 745                 0.0
 746                 0.0
 747                 0.0
 748                 0.0
 749                 0.0
 750                 0.0
 751                 0.0
 752                 0.0
 753                 0.0
 754                 0.0
 755                 0.0
 756                 0.0
 757                 0.0
 758                 0.0
 759                 0.0
 760                 0.0
 761                 0.0
 762                 0.0
 763                 0.0
 764                 0.0
 765                 0.0
 766                 0.0
 767                 0.0
 768                 0.0
 769                 0.0
 770                 0.0
 771                 0.0
 772                 0.0
 773                 0.0
 774                 0.0
 775                 0.0
 776                 0.0
 777                 0.0
 778                 0.0
 779                 0.0
 780                 0.0
 781                 0.0
 782                 0.0
 783                 0.0
 784                 0.0
 785                 0.0
 786                 0.0
 787                 0.0
 788                 0.0
 789                 0.0
 790                 0.0
 791                 0.0
 792                 0.0
 793                 0.0
 794                 0.0
 795                 0.0
 796                 0.0
 797                 0.0
 798                 0.0
 799                 0.0
 800                 0.0
 801                 0.0
 802                 0.0
 803                 0.0
 804                 0.0
 805                 0.0
 806                 0.0
 807                 0.0
 808                 0.0
 809                 0.0
 810                 0.0
 811                 0.0
 812                 0.0
 813                 0.0
 814                 0.0
 815                 0.0
 816                 0.0
 817                 0.0
 818                 0.0
 819                 0.0
 820                 0.0
 821                 0.0
 822                 0.0
 823                 0.0
 824                 0.0
 825                 0.0
 826                 0.0
 827                 0.0
 828                 0.0
 829                 0.0
 830                 0.0
 831                 0.0
 832                 0.0
 833                 0.0
 834                 0.0
 835                 0.0
 836                 0.0
 837                 0.0
 838                 0.0
 839                 0.0
 840                 0.0
 841                 0.0
 842                 0.0
 843                 0.0
 844                 0.0
 845                 0.0
 846                 0.0
 847                 0.0
 848                 0.0
 849                 0.0
 850                 0.0
 851                 0.0
 852                 0.0
 853                 0.0
 854                 0.0
 855                 0.0
 856                 0.0
 857                 0.0
 858                 0.0
 859                 0.0
 860                 0.0
 861                 0.0
 862                 0.0
 863                 0.0
 864                 0.0
 865                 0.0
 866                 0.0
 867                 0.0
 868                 0.0
 869                 0.0
 870                 0.0
 871                 0.0
 872                 0.0
 873                 0.0
 874                 0.0
 875                 0.0
 876                 0.0
 877                 0.0
 878                 0.0
 879                 0.0
 880                 0.0
 881                 0.0
 882                 0.0
 883                 0.0
 884                 0.0
 885                 0.0
 886                 0.0
 887                 0.0
 888                 0.0
 889                 0.0
 890                 0.0
 891                 0.0
 892                 0.0
 893                 0.0
 894                 0.0
 895                 0.0
 896                 0.0
 897                 0.0
 898                 0.0
 899                 0.0
 900                 0.0
 901                 0.0
 902                 0.0
 903                 0.0
 904                 0.0
 905                 0.0
 906                 0.0
 907                 0.0
 908                 0.0
 909                 0.0
 910                 0.0
 911                 0.0
 912                 0.0
 913                 0.0
 914                 0.0
 915                 0.0
 916                 0.0
 917                 0.0
 918                 0.0
 919                 0.0
 920                 0.0
 921                 0.0
 922                 0.0
 923                 0.0
 924                 0.0
 925                 0.0
 926                 0.0
 927                 0.0
 928                 0.0
 929                 0.0
 930                 0.0
 931                 0.0
 932                 0.0
 933                 0.0
 934                 0.0
 935                 0.0
 936                 0.0
 937                 0.0
 938                 0.0
 939                 0.0
 940                 0.0
 941                 0.0
 942                 0.0
 943                 0.0
 944                 0.0
 945                 0.0
 946                 0.0
 947                 0.0
 948                 0.0
 949                 0.0
 950                 0.0
 951                 0.0
 952                 0.0
 953                 0.0
 954                 0.0
 955                 0.0
 956                 0.0
 957                 0.0
 958                 0.0
 959                 0.0
 960                 0.0
 961                 0.0
 962                 0.0
 963                 0.0
 964                 0.0
 965                 0.0
 966                 0.0
 967                 0.0
 968                 0.0
 969                 0.0
 970                 0.0
 971                 0.0
 972                 0.0
 973                 0.0
 974                 0.0
 975                 0.0
 976                 0.0
 977                 0.0
 978                 0.0
 979                 0.0
 980                 0.0
 981                 0.0
 982                 0.0
 983                 0.0
 984                 0.0
 985                 0.0
 986                 0.0
 987                 0.0
 988                 0.0
 989                 0.0
 990                 0.0
 991                 0.0
 992                 0.0
 993                 0.0
 994                 0.0
 995                 0.0
 996                 0.0
 997                 0.0
 998                 0.0
 999                 0.0
1000                 0.0
1001                 0.0
1002                 0.0
1003                 0.0
1004                 0.0
1005                 0.0
1006                 0.0
1007                 0.0
1008                 0.0
1009                 0.0
1010                 0.0
1011                 0.0
1012                 0.0
1013                 0.0
1014                 0.0
1015                 0.0
1016                 0.0
1017                 0.0
1018                 0.0
1019                 0.0
1020                 0.0
1021                 0.0
1022                 0.0
1023                 0.0
1024                 0.0
1025                 0.0
1026                 0.0
1027                 0.0
1028                 0.0
1029                 0.0
1030                 0.0
1031                 0.0
1032                 0.0
1033                 0.0
1034                 0.0
1035                 0.0
1036                 0.0
1037                 0.0
1038                 0.0
1039                 0.0
1040                 0.0
1041                 0.0
1042                 0.0
1043                 0.0
1044                 0.0
1045                 0.0
1046                 0.0
1047                 0.0
1048                 0.0
1049                 0.0
1050                 0.0
1051                 0.0
1052                 0.0
1053                 0.0
1054                 0.0
1055                 0.0
1056                 0.0
1057                 0.0
1058                 0.0
1059                 0.0
1060                 0.0
1061                 0.0
1062                 0.0
1063                 0.0
1064                 0.0
1065                 0.0
1066                 0.0
1067                 0.0
1068                 0.0
1069                 0.0
1070                 0.0
1071                 0.0
1072                 0.0
1073                 0.0
1074                 0.0
1075                 0.0
1076                 0.0
1077                 0.0
1078                 0.0
1079                 0.0
1080                 0.0
1081                 0.0
1082                 0.0
1083                 0.0
1084                 0.0
1085                 0.0
1086                 0.0
1087                 0.0
1088                 0.0
1089                 0.0
1090                 0.0
1091                 0.0
1092                 0.0
1093                 0.0
1094                 0.0
1095                 0.0
1096                 0.0
1097                 0.0
1098                 0.0
1099                 0.0
1100                 0.0
