# Relative Spectral Response per erg (Equal-Energy); Jarrett et al. 2011
#  W3     RSR     uncertainty (parts per thousand)
 25300  0.32831E-15   342
 25400  0.10744E-14   343
 25500  0.17799E-13   344
 25600  0.17906E-14   342
 25700  0.97118E-15   343
 25800  0.72814E-14   342
 25900  0.10065E-17   343
 26000  0.29278E-14   341
 26100  0.45167E-14   340
 26200  0.12278E-13   340
 26300  0.62316E-14   339
 26400  0.15514E-14   339
 26500  0.27638E-14   340
 26600  0.17165E-15   339
 26700  0.69638E-14   337
 26800  0.54278E-14   337
 26900  0.74235E-14   337
 27000  0.42715E-14   336
 27100  0.21035E-14   336
 27200  0.34696E-14   336
 27300  0.39301E-13   336
 27400  0.79134E-14   335
 27500  0.60450E-14   334
 27600  0.91664E-13   334
 27700  0.55325E-14   334
 27800  0.72095E-14   333
 27900  0.28689E-15   333
 28000  0.15496E-15   333
 28100  0.28659E-16   332
 28200  0.84463E-15   332
 28300  0.10755E-14   331
 28400  0.97267E-14   331
 28500  0.39020E-14   330
 28600  0.14669E-14   330
 28700  0.13024E-14   329
 28800  0.13321E-14   329
 28900  0.14504E-13   328
 29000  0.15853E-13   329
 29100  0.70675E-13   327
 29200  0.47575E-15   327
 29300  0.13605E-13   327
 29400  0.10776E-13   326
 29500  0.10060E-13   325
 29600  0.18121E-14   326
 29700  0.10495E-14   325
 29800  0.15108E-15   324
 29900  0.77197E-13   342
 30000  0.19087E-12   341
 30100  0.87626E-15   322
 30200  0.17444E-13   322
 30300  0.84666E-14   322
 30400  0.10577E-14   321
 30500  0.15006E-13   321
 30600  0.19761E-15   320
 30700  0.65968E-14   320
 30800  0.84541E-12   337
 30900  0.84205E-12   337
 31000  0.52065E-14   319
 31100  0.21707E-13   318
 31200  0.12956E-13   318
 31300  0.33963E-15   317
 31400  0.52013E-14   317
 31500  0.22033E-14   317
 31600  0.33816E-14   316
 31700  0.21970E-13   316
 31800  0.41968E-13   316
 31900  0.50209E-14   315
 32000  0.12814E-13   315
 32100  0.23177E-14   315
 32200  0.19946E-13   313
 32300  0.40053E-13   313
 32400  0.64232E-14   312
 32500  0.37898E-14   312
 32600  0.13956E-13   312
 32700  0.60304E-13   312
 32800  0.12854E-13   311
 32900  0.23657E-13   311
 33000  0.13410E-13   309
 33100  0.37960E-13   309
 33200  0.12054E-12   309
 33300  0.11153E-12   309
 33400  0.15135E-13   309
 33500  0.32506E-13   308
 33600  0.40072E-14   308
 33700  0.10288E-12   306
 33800  0.17993E-13   306
 33900  0.92771E-14   307
 34000  0.23530E-13   306
 34100  0.22038E-13   306
 34200  0.10699E-13   306
 34300  0.20891E-16   305
 34400  0.11102E-13   305
 34500  0.20723E-13   304
 34600  0.62270E-14   304
 34700  0.85476E-14   302
 34800  0.14566E-12   302
 34900  0.88669E-14   302
 35000  0.75207E-13   301
 35100  0.10276E-12   300
 35200  0.24227E-13   301
 35300  0.27045E-12   302
 35400  0.14823E-13   301
 35500  0.90778E-13   299
 35600  0.36748E-12   313
 35700  0.33982E-14   298
 35800  0.30199E-13   298
 35900  0.20293E-14   297
 36000  0.46876E-13   298
 36100  0.11359E-13   297
 36200  0.51041E-13   296
 36300  0.89776E-12   309
 36400  0.22440E-13   294
 36500  0.15734E-11   307
 36600  0.80393E-12   309
 36700  0.12201E-11   306
 36800  0.24686E-11   306
 36900  0.83239E-12   306
 37000  0.16260E-14   293
 37100  0.10727E-13   292
 37200  0.55593E-14   291
 37300  0.45013E-13   290
 37400  0.71743E-12   303
 37500  0.17752E-13   290
 37600  0.95963E-14   290
 37700  0.47041E-13   289
 37800  0.54560E-12   301
 37900  0.47341E-13   288
 38000  0.17163E-12   287
 38100  0.12892E-11   299
 38200  0.34746E-13   287
 38300  0.21360E-14   287
 38400  0.11059E-11   297
 38500  0.73726E-13   285
 38600  0.59414E-12   297
 38700  0.29300E-13   284
 38800  0.74301E-12   296
 38900  0.15103E-13   284
 39000  0.21069E-13   283
 39100  0.10526E-13   283
 39200  0.15762E-13   282
 39300  0.63565E-12   294
 39400  0.10108E-12   282
 39500  0.87153E-12   293
 39600  0.12102E-11   293
 39700  0.67134E-13   281
 39800  0.58594E-13   280
 39900  0.28848E-12   280
 40000  0.87203E-13   280
 40100  0.37306E-12   291
 40200  0.18779E-13   280
 40300  0.16994E-12   290
 40400  0.11182E-11   290
 40500  0.16658E-14   278
 40600  0.67787E-13   279
 40700  0.11386E-13   277
 40800  0.12254E-12   289
 40900  0.29437E-12   288
 41000  0.34963E-12   288
 41100  0.10787E-13   276
 41200  0.15698E-12   276
 41300  0.18062E-13   276
 41400  0.10702E-13   276
 41500  0.23226E-12   287
 41600  0.13282E-12   275
 41700  0.10601E-13   275
 41800  0.35563E-13   273
 41900  0.50536E-13   272
 42000  0.23105E-13   273
 42100  0.53959E-12   284
 42200  0.60772E-13   272
 42300  0.48393E-12   283
 42400  0.96624E-14   272
 42500  0.57201E-12   283
 42600  0.35072E-12   283
 42700  0.43345E-12   281
 42800  0.14271E-12   281
 42900  0.15879E-12   281
 43000  0.15810E-13   269
 43100  0.64609E-12   280
 43200  0.57468E-12   280
 43300  0.42914E-14   269
 43400  0.35130E-12   279
 43500  0.72772E-12   278
 43600  0.48710E-13   268
 43700  0.15600E-12   267
 43800  0.83587E-13   268
 43900  0.22459E-13   267
 44000  0.63495E-12   277
 44100  0.16970E-11   275
 44200  0.62655E-13   265
 44300  0.10073E-11   276
 44400  0.24499E-11   275
 44500  0.29873E-12   264
 44600  0.16523E-12   264
 44700  0.10650E-12   264
 44800  0.37783E-13   263
 44900  0.10861E-12   264
 45000  0.89878E-13   262
 45100  0.10812E-12   263
 45200  0.13560E-12   262
 45300  0.15537E-11   272
 45400  0.92472E-12   271
 45500  0.27136E-13   261
 45600  0.28997E-11   269
 45700  0.20678E-12   260
 45800  0.15648E-12   260
 45900  0.10619E-12   260
 46000  0.22299E-11   269
 46100  0.18157E-11   268
 46200  0.22533E-12   258
 46300  0.18449E-11   268
 46400  0.31913E-11   267
 46500  0.23054E-13   258
 46600  0.26418E-14   258
 46700  0.21200E-13   258
 46800  0.17654E-11   265
 46900  0.89812E-13   257
 47000  0.10687E-12   255
 47100  0.75840E-13   256
 47200  0.32455E-13   255
 47300  0.37586E-13   255
 47400  0.16796E-13   255
 47500  0.71596E-12   263
 47600  0.14617E-12   253
 47700  0.46426E-13   253
 47800  0.13711E-11   262
 47900  0.10648E-12   253
 48000  0.98162E-13   253
 48100  0.80864E-13   252
 48200  0.33968E-11   261
 48300  0.12518E-13   251
 48400  0.12066E-11   260
 48500  0.44881E-11   258
 48600  0.38739E-11   259
 48700  0.16968E-12   251
 48800  0.29506E-12   249
 48900  0.35774E-12   250
 49000  0.67249E-13   249
 49100  0.78357E-13   249
 49200  0.81336E-13   248
 49300  0.60314E-11   256
 49400  0.48650E-11   256
 49500  0.47265E-11   255
 49600  0.10021E-10   255
 49700  0.14616E-10   254
 49800  0.94382E-11   254
 49900  0.18684E-12   246
 50000  0.14663E-10   253
 50100  0.90248E-11   253
 50200  0.58687E-11   251
 50300  0.18544E-11   244
 50400  0.49693E-11   244
 50500  0.86894E-10   251
 50600  0.15672E-09   251
 50700  0.10752E-10   243
 50800  0.22526E-10   243
 50900  0.94790E-11   243
 51000  0.90778E-10   249
 51100  0.45217E-07    79
 51200  0.44530E-07    78
 51300  0.47911E-07    77
 51400  0.34158E-07    76
 51500  0.34895E-07    76
 51600  0.32278E-07    75
 51700  0.30016E-07    75
 51800  0.27814E-07    76
 51900  0.41524E-07    76
 52000  0.39789E-07    77
 52100  0.30660E-07    77
 52200  0.26267E-07    78
 52300  0.26903E-07    78
 52400  0.28205E-07    79
 52500  0.41719E-07    79
 52600  0.34557E-07    79
 52700  0.35231E-07    78
 52800  0.38575E-07    78
 52900  0.43744E-07    77
 53000  0.35143E-07    76
 53100  0.47065E-07    75
 53200  0.50570E-07    74
 53300  0.53088E-07    73
 53400  0.48000E-07    72
 53500  0.49825E-07    72
 53600  0.32628E-07    71
 53700  0.37712E-07    70
 53800  0.46339E-07    70
 53900  0.47606E-07    70
 54000  0.47143E-07    71
 54100  0.47684E-07    71
 54200  0.36894E-07    71
 54300  0.33689E-07    71
 54400  0.45674E-07    70
 54500  0.56571E-07    70
 54600  0.55389E-07    69
 54700  0.62687E-07    69
 54800  0.64670E-07    68
 54900  0.63260E-07    67
 55000  0.63611E-07    66
 55100  0.64525E-07    66
 55200  0.65523E-07    66
 55300  0.65988E-07    65
 55400  0.65597E-07    66
 55500  0.66007E-07    66
 55600  0.66309E-07    67
 55700  0.66520E-07    68
 55800  0.66778E-07    69
 55900  0.66014E-07    70
 56000  0.65828E-07    70
 56100  0.65391E-07    72
 56200  0.67034E-07    73
 56300  0.67237E-07    75
 56400  0.65676E-07    76
 56500  0.65104E-07    76
 56600  0.64408E-07    74
 56700  0.64438E-07    73
 56800  0.63223E-07    71
 56900  0.61405E-07    70
 57000  0.61118E-07    68
 57100  0.63087E-07    67
 57200  0.61964E-07    66
 57300  0.61987E-07    65
 57400  0.64241E-07    64
 57500  0.66483E-07    65
 57600  0.67898E-07    66
 57700  0.68377E-07    66
 57800  0.67249E-07    65
 57900  0.69872E-07    64
 58000  0.70700E-07    65
 58100  0.72247E-07    65
 58200  0.75620E-07    66
 58300  0.76336E-07    66
 58400  0.75947E-07    65
 58500  0.77638E-07    64
 58600  0.76063E-07    64
 58700  0.76656E-07    65
 58800  0.77639E-07    66
 58900  0.80477E-07    66
 59000  0.78739E-07    65
 59100  0.78677E-07    64
 59200  0.78830E-07    64
 59300  0.81922E-07    65
 59400  0.82647E-07    65
 59500  0.84667E-07    65
 59600  0.86389E-07    64
 59700  0.89060E-07    65
 59800  0.87309E-07    66
 59900  0.90000E-07    66
 60000  0.88431E-07    67
 60100  0.89271E-07    68
 60200  0.91868E-07    68
 60300  0.92736E-07    69
 60400  0.97086E-07    72
 60500  0.97267E-07    73
 60600  0.93816E-07    73
 60700  0.98128E-07    72
 60800  0.97379E-07    71
 60900  0.10349E-06    71
 61000  0.10757E-06    70
 61100  0.11328E-06    71
 61200  0.12203E-06    72
 61300  0.14272E-06    71
 61400  0.16712E-06    74
 61500  0.20972E-06    78
 61600  0.25935E-06    84
 61700  0.34034E-06    95
 61800  0.45669E-06   114
 61900  0.63600E-06   140
 62000  0.88459E-06   170
 62100  0.11146E-05   219
 62200  0.12608E-05   267
 62300  0.16967E-05   301
 62400  0.13172E-05   308
 62500  0.19018E-05   282
 62600  0.16173E-05   306
 62700  0.16395E-05   339
 62800  0.20495E-05   357
 62900  0.12056E-05   444
 63000  0.14699E-05   478
 63100  0.11242E-05   523
 63200  0.65435E-06   527
 63300  0.85853E-06   485
 63400  0.16348E-05   429
 63500  0.10078E-05   465
 63600  0.65556E-08   907
 63700  0.22121E-06   701
 63800  0.60940E-08   919
 63900  0.15256E-05   405
 64000  0.18410E-05   380
 64100  0.13700E-05   444
 64200  0.11914E-05   492
 64300  0.20688E-05   496
 64400  0.13806E-07   931
 64500  0.38945E-06   700
 64600  0.44271E-08   910
 64700  0.62035E-06   515
 64800  0.35808E-06   566
 64900  0.19716E-06   614
 65000  0.13550E-06   641
 65100  0.15307E-05   680
 65200  0.43565E-05   562
 65300  0.33740E-05   562
 65400  0.62856E-06   680
 65500  0.28559E-06   680
 65600  0.51934E-07   707
 65700  0.62095E-10  1000
 65800  0.49091E-10  1000
 65900  0.39118E-10  1000
 66000  0.32428E-10  1000
 66100  0.30214E-10  1000
 66200  0.32276E-10  1000
 66300  0.70872E-07   707
 66400  0.43514E-07   707
 66500  0.55701E-10  1000
 66600  0.66894E-10  1000
 66700  0.74759E-10  1000
 66800  0.80272E-10  1000
 66900  0.84027E-10  1000
 67000  0.16250E-06   707
 67100  0.75417E-10  1000
 67200  0.63580E-10  1000
 67300  0.13542E-06   562
 67400  0.35369E-05   562
 67500  0.43346E-06   679
 67600  0.32703E-05   563
 67700  0.31658E-05   563
 67800  0.86854E-06   680
 67900  0.51038E-05   562
 68000  0.13324E-05   680
 68100  0.69118E-05   562
 68200  0.13127E-04   563
 68300  0.99112E-05   562
 68400  0.12513E-04   562
 68500  0.93876E-05   562
 68600  0.26929E-05   680
 68700  0.29106E-05   680
 68800  0.11123E-04   562
 68900  0.14646E-04   562
 69000  0.19871E-04   563
 69100  0.35476E-05   680
 69200  0.19302E-04   562
 69300  0.35008E-05   681
 69400  0.34659E-05   680
 69500  0.34617E-05   680
 69600  0.35045E-05   680
 69700  0.37609E-05   680
 69800  0.13091E-04   562
 69900  0.39305E-05   680
 70000  0.34740E-05   681
 70100  0.12674E-04   562
 70200  0.72267E-08  1000
 70300  0.94838E-08  1000
 70400  0.60139E-06   707
 70500  0.16020E-07  1000
 70600  0.27214E-05   707
 70700  0.27206E-07  1000
 70800  0.35160E-07  1000
 70900  0.45483E-07  1000
 71000  0.50060E-05   707
 71100  0.76225E-07  1000
 71200  0.99885E-07  1000
 71300  0.13149E-06  1000
 71400  0.17376E-06  1000
 71500  0.23452E-06  1000
 71600  0.11762E-04   707
 71700  0.44060E-06  1000
 71800  0.61607E-06  1000
 71900  0.86767E-06  1000
 72000  0.28062E-04   707
 72100  0.17202E-02   245
 72200  0.16953E-02   241
 72300  0.21202E-02   194
 72400  0.22305E-02   211
 72500  0.20557E-02   236
 72600  0.21601E-02   202
 72700  0.19177E-02   223
 72800  0.11553E-02   300
 72900  0.16445E-02   277
 73000  0.26889E-02   157
 73100  0.33714E-02   106
 73200  0.35918E-02   154
 73300  0.35219E-02   157
 73400  0.37744E-02   138
 73500  0.36840E-02   123
 73600  0.33351E-02   128
 73700  0.33336E-02   152
 73800  0.31728E-02   143
 73900  0.33791E-02   119
 74000  0.36603E-02   152
 74100  0.42789E-02   198
 74200  0.54307E-02   185
 74300  0.71141E-02   131
 74400  0.92516E-02    83
 74500  0.11710E-01    58
 74600  0.14421E-01    54
 74700  0.17429E-01    62
 74800  0.21233E-01    72
 74900  0.26207E-01    84
 75000  0.33257E-01    95
 75100  0.43132E-01   105
 75200  0.56946E-01   113
 75300  0.75682E-01   118
 75400  0.10010E+00   118
 75500  0.12979E+00   112
 75600  0.16432E+00   103
 75700  0.20006E+00    90
 75800  0.23102E+00    75
 75900  0.25482E+00    58
 76000  0.26893E+00    42
 76100  0.27304E+00    29
 76200  0.26850E+00    20
 76300  0.25881E+00    15
 76400  0.24657E+00    13
 76500  0.23555E+00    13
 76600  0.22577E+00    12
 76700  0.21849E+00    13
 76800  0.21245E+00    15
 76900  0.20893E+00    14
 77000  0.20793E+00    14
 77100  0.20820E+00    14
 77200  0.20847E+00    13
 77300  0.21001E+00    13
 77400  0.21156E+00    13
 77500  0.21183E+00    15
 77600  0.21338E+00    15
 77700  0.21494E+00    14
 77800  0.21778E+00    12
 77900  0.22190E+00    12
 78000  0.22604E+00    12
 78100  0.23019E+00    11
 78200  0.23435E+00    10
 78300  0.23852E+00    10
 78400  0.24269E+00    11
 78500  0.24559E+00    12
 78600  0.24849E+00    13
 78700  0.25010E+00    13
 78800  0.25172E+00    13
 78900  0.25333E+00    13
 79000  0.25626E+00    14
 79100  0.25788E+00    15
 79200  0.26082E+00    17
 79300  0.26637E+00    18
 79400  0.27063E+00    18
 79500  0.27621E+00    16
 79600  0.28311E+00    15
 79700  0.29134E+00    13
 79800  0.29959E+00    13
 79900  0.30654E+00    15
 80000  0.31219E+00    15
 80100  0.31654E+00    16
 80200  0.32090E+00    17
 80300  0.32394E+00    18
 80400  0.32699E+00    17
 80500  0.32872E+00    15
 80600  0.32913E+00    13
 80700  0.33087E+00    12
 80800  0.33128E+00    13
 80900  0.33435E+00    13
 81000  0.33610E+00    15
 81100  0.33651E+00    15
 81200  0.33693E+00    16
 81300  0.33601E+00    16
 81400  0.33374E+00    16
 81500  0.33146E+00    18
 81600  0.32784E+00    20
 81700  0.32421E+00    19
 81800  0.32191E+00    16
 81900  0.32095E+00    15
 82000  0.31865E+00    15
 82100  0.31768E+00    16
 82200  0.31536E+00    17
 82300  0.31439E+00    18
 82400  0.31342E+00    18
 82500  0.31108E+00    19
 82600  0.30738E+00    21
 82700  0.30230E+00    22
 82800  0.29721E+00    21
 82900  0.29211E+00    19
 83000  0.29110E+00    18
 83100  0.29145E+00    19
 83200  0.29180E+00    19
 83300  0.29352E+00    18
 83400  0.29387E+00    17
 83500  0.29285E+00    17
 83600  0.29183E+00    18
 83700  0.29218E+00    19
 83800  0.29390E+00    19
 83900  0.29702E+00    18
 84000  0.30014E+00    18
 84100  0.30188E+00    18
 84200  0.30501E+00    17
 84300  0.30815E+00    17
 84400  0.31130E+00    18
 84500  0.31445E+00    18
 84600  0.31900E+00    18
 84700  0.32356E+00    19
 84800  0.32813E+00    19
 84900  0.33271E+00    19
 85000  0.33730E+00    19
 85100  0.34190E+00    20
 85200  0.34511E+00    21
 85300  0.34832E+00    21
 85400  0.35154E+00    21
 85500  0.35477E+00    21
 85600  0.35801E+00    21
 85700  0.35984E+00    21
 85800  0.36167E+00    21
 85900  0.36209E+00    21
 86000  0.36109E+00    22
 86100  0.36010E+00    23
 86200  0.35910E+00    25
 86300  0.35809E+00    26
 86400  0.35566E+00    27
 86500  0.35465E+00    26
 86600  0.35363E+00    25
 86700  0.35261E+00    24
 86800  0.35159E+00    25
 86900  0.34913E+00    26
 87000  0.34810E+00    26
 87100  0.34563E+00    24
 87200  0.34460E+00    23
 87300  0.34355E+00    23
 87400  0.33963E+00    24
 87500  0.33281E+00    23
 87600  0.31733E+00    23
 87700  0.29025E+00    22
 87800  0.25300E+00    22
 87900  0.21710E+00    22
 88000  0.19706E+00    22
 88100  0.20309E+00    22
 88200  0.22801E+00    22
 88300  0.26171E+00    21
 88400  0.29112E+00    22
 88500  0.31185E+00    22
 88600  0.32387E+00    23
 88700  0.33154E+00    23
 88800  0.33630E+00    24
 88900  0.34107E+00    23
 89000  0.34585E+00    23
 89100  0.35064E+00    24
 89200  0.35397E+00    23
 89300  0.35731E+00    23
 89400  0.35918E+00    22
 89500  0.35958E+00    21
 89600  0.36146E+00    21
 89700  0.36334E+00    21
 89800  0.36374E+00    22
 89900  0.36563E+00    22
 90000  0.36603E+00    23
 90100  0.36496E+00    23
 90200  0.36388E+00    23
 90300  0.36279E+00    22
 90400  0.36171E+00    22
 90500  0.36062E+00    22
 90600  0.36102E+00    22
 90700  0.36291E+00    22
 90800  0.36331E+00    21
 90900  0.36520E+00    21
 91000  0.36710E+00    21
 91100  0.37051E+00    22
 91200  0.37091E+00    22
 91300  0.37282E+00    21
 91400  0.37323E+00    21
 91500  0.37213E+00    20
 91600  0.37103E+00    20
 91700  0.36842E+00    20
 91800  0.36731E+00    21
 91900  0.36468E+00    23
 92000  0.36356E+00    24
 92100  0.36396E+00    24
 92200  0.36284E+00    24
 92300  0.36323E+00    22
 92400  0.36210E+00    20
 92500  0.36249E+00    19
 92600  0.35984E+00    18
 92700  0.36023E+00    18
 92800  0.35909E+00    18
 92900  0.35947E+00    18
 93000  0.36139E+00    18
 93100  0.36178E+00    18
 93200  0.36370E+00    18
 93300  0.36409E+00    18
 93400  0.36448E+00    18
 93500  0.36641E+00    18
 93600  0.36680E+00    17
 93700  0.36565E+00    17
 93800  0.36604E+00    16
 93900  0.36643E+00    16
 94000  0.36837E+00    16
 94100  0.36876E+00    17
 94200  0.37071E+00    17
 94300  0.37110E+00    17
 94400  0.37305E+00    16
 94500  0.37500E+00    16
 94600  0.37695E+00    16
 94700  0.37891E+00    16
 94800  0.38243E+00    15
 94900  0.38596E+00    15
 95000  0.38950E+00    15
 95100  0.39304E+00    15
 95200  0.39502E+00    16
 95300  0.39544E+00    16
 95400  0.39585E+00    17
 95500  0.39469E+00    17
 95600  0.39196E+00    18
 95700  0.39079E+00    18
 95800  0.38805E+00    18
 95900  0.38529E+00    18
 96000  0.38253E+00    16
 96100  0.37977E+00    14
 96200  0.37858E+00    13
 96300  0.37739E+00    13
 96400  0.37778E+00    14
 96500  0.37976E+00    15
 96600  0.38174E+00    16
 96700  0.38532E+00    17
 96800  0.38731E+00    17
 96900  0.39091E+00    16
 97000  0.39291E+00    16
 97100  0.39331E+00    15
 97200  0.39372E+00    13
 97300  0.39412E+00    11
 97400  0.39292E+00    10
 97500  0.39172E+00     9
 97600  0.39212E+00     9
 97700  0.39252E+00    10
 97800  0.39293E+00    11
 97900  0.39494E+00    12
 98000  0.39696E+00    12
 98100  0.39898E+00    13
 98200  0.40100E+00    14
 98300  0.40303E+00    14
 98400  0.40506E+00    14
 98500  0.40709E+00    14
 98600  0.40913E+00    14
 98700  0.41117E+00    15
 98800  0.41321E+00    15
 98900  0.41526E+00    15
 99000  0.41894E+00    13
 99100  0.42263E+00    11
 99200  0.42795E+00     8
 99300  0.43165E+00     6
 99400  0.43700E+00     6
 99500  0.44071E+00     6
 99600  0.44444E+00     5
 99700  0.44817E+00     6
 99800  0.45026E+00     8
 99900  0.45400E+00    10
100000  0.45610E+00    12
100100  0.45985E+00    13
100200  0.46526E+00    13
100300  0.46903E+00    13
100400  0.47446E+00    12
100500  0.48155E+00    12
100600  0.48866E+00    11
100700  0.49577E+00    11
100800  0.50124E+00    11
100900  0.50839E+00    11
101000  0.51554E+00    11
101100  0.52105E+00    13
101200  0.52656E+00    14
101300  0.53209E+00    15
101400  0.53595E+00    16
101500  0.53982E+00    16
101600  0.54370E+00    16
101700  0.54758E+00    15
101800  0.54812E+00    13
101900  0.54866E+00    12
102000  0.54752E+00    11
102100  0.54469E+00    11
102200  0.54186E+00    12
102300  0.53902E+00    12
102400  0.53618E+00    12
102500  0.53501E+00    11
102600  0.53216E+00    10
102700  0.52760E+00    10
102800  0.52473E+00    11
102900  0.52016E+00    12
103000  0.51727E+00    13
103100  0.51268E+00    13
103200  0.51148E+00    13
103300  0.51027E+00    12
103400  0.50907E+00    11
103500  0.50956E+00    10
103600  0.51005E+00     9
103700  0.51054E+00     9
103800  0.51104E+00     9
103900  0.50982E+00     9
104000  0.50860E+00     9
104100  0.50737E+00    10
104200  0.50614E+00    12
104300  0.50491E+00    13
104400  0.50196E+00    14
104500  0.50244E+00    15
104600  0.50120E+00    15
104700  0.50167E+00    15
104800  0.50215E+00    15
104900  0.50436E+00    14
105000  0.50657E+00    13
105100  0.50878E+00    13
105200  0.51100E+00    12
105300  0.51148E+00    12
105400  0.51371E+00    12
105500  0.51593E+00    12
105600  0.51816E+00    12
105700  0.52039E+00    12
105800  0.52437E+00    11
105900  0.52661E+00    11
106000  0.53059E+00    10
106100  0.53284E+00     9
106200  0.53509E+00     9
106300  0.53735E+00     9
106400  0.53960E+00     9
106500  0.54186E+00    10
106600  0.54413E+00    10
106700  0.54640E+00    10
106800  0.55042E+00    10
106900  0.55270E+00    11
107000  0.55322E+00    13
107100  0.55550E+00    14
107200  0.55602E+00    16
107300  0.55477E+00    17
107400  0.55352E+00    18
107500  0.55226E+00    18
107600  0.55100E+00    19
107700  0.54974E+00    19
107800  0.54848E+00    19
107900  0.54721E+00    17
108000  0.54772E+00    15
108100  0.54823E+00    13
108200  0.55051E+00    11
108300  0.55281E+00    10
108400  0.55510E+00    10
108500  0.55740E+00    10
108600  0.55970E+00    12
108700  0.56022E+00    13
108800  0.55894E+00    14
108900  0.55766E+00    14
109000  0.55638E+00    13
109100  0.55330E+00    13
109200  0.55021E+00    13
109300  0.54891E+00    13
109400  0.54581E+00    13
109500  0.54270E+00    14
109600  0.54140E+00    14
109700  0.54008E+00    15
109800  0.53877E+00    15
109900  0.53926E+00    17
110000  0.53975E+00    18
110100  0.54024E+00    20
110200  0.54254E+00    21
110300  0.54485E+00    22
110400  0.54716E+00    22
110500  0.54766E+00    21
110600  0.54816E+00    21
110700  0.54683E+00    19
110800  0.54550E+00    18
110900  0.54599E+00    17
111000  0.54466E+00    17
111100  0.54515E+00    16
111200  0.54381E+00    15
111300  0.54429E+00    15
111400  0.54478E+00    15
111500  0.54344E+00    16
111600  0.54392E+00    16
111700  0.54073E+00    17
111800  0.53938E+00    17
111900  0.53617E+00    18
112000  0.53296E+00    17
112100  0.52975E+00    17
112200  0.52653E+00    17
112300  0.52330E+00    16
112400  0.52191E+00    15
112500  0.52052E+00    15
112600  0.51913E+00    15
112700  0.51959E+00    15
112800  0.52191E+00    16
112900  0.52238E+00    16
113000  0.52470E+00    16
113100  0.52703E+00    16
113200  0.53122E+00    17
113300  0.53355E+00    17
113400  0.53589E+00    18
113500  0.53823E+00    18
113600  0.54058E+00    17
113700  0.54105E+00    17
113800  0.54340E+00    16
113900  0.54388E+00    15
114000  0.54624E+00    14
114100  0.54672E+00    14
114200  0.54907E+00    14
114300  0.55144E+00    14
114400  0.55380E+00    14
114500  0.55617E+00    14
114600  0.55855E+00    14
114700  0.56281E+00    14
114800  0.56519E+00    13
114900  0.56947E+00    13
115000  0.57186E+00    14
115100  0.57614E+00    15
115200  0.58044E+00    16
115300  0.58474E+00    17
115400  0.58905E+00    17
115500  0.59336E+00    18
115600  0.59768E+00    18
115700  0.60010E+00    18
115800  0.60253E+00    19
115900  0.60496E+00    19
116000  0.60548E+00    18
116100  0.60791E+00    18
116200  0.60844E+00    17
116300  0.61088E+00    15
116400  0.61140E+00    14
116500  0.61384E+00    14
116600  0.61437E+00    14
116700  0.61682E+00    14
116800  0.61735E+00    15
116900  0.61788E+00    16
117000  0.61841E+00    16
117100  0.61701E+00    16
117200  0.61560E+00    16
117300  0.61227E+00    16
117400  0.60892E+00    17
117500  0.60751E+00    17
117600  0.60415E+00    18
117700  0.60079E+00    19
117800  0.59936E+00    20
117900  0.59793E+00    21
118000  0.59649E+00    22
118100  0.59700E+00    22
118200  0.59555E+00    22
118300  0.59606E+00    21
118400  0.59656E+00    20
118500  0.59511E+00    20
118600  0.59366E+00    19
118700  0.59221E+00    18
118800  0.59075E+00    16
118900  0.58929E+00    15
119000  0.58587E+00    15
119100  0.58440E+00    14
119200  0.58293E+00    14
119300  0.58145E+00    15
119400  0.57997E+00    16
119500  0.58046E+00    16
119600  0.57898E+00    17
119700  0.57946E+00    18
119800  0.57994E+00    19
119900  0.57845E+00    21
120000  0.57894E+00    22
120100  0.57744E+00    22
120200  0.57594E+00    23
120300  0.57444E+00    23
120400  0.57294E+00    23
120500  0.57143E+00    22
120600  0.56793E+00    21
120700  0.56641E+00    20
120800  0.56291E+00    19
120900  0.56337E+00    18
121000  0.56185E+00    17
121100  0.56231E+00    17
121200  0.56277E+00    18
121300  0.56524E+00    18
121400  0.56770E+00    19
121500  0.57017E+00    20
121600  0.57264E+00    20
121700  0.57512E+00    21
121800  0.57759E+00    21
121900  0.58007E+00    21
122000  0.58457E+00    20
122100  0.58505E+00    19
122200  0.58754E+00    18
122300  0.59003E+00    17
122400  0.59052E+00    16
122500  0.59302E+00    16
122600  0.59350E+00    17
122700  0.59398E+00    18
122800  0.59649E+00    18
122900  0.59698E+00    18
123000  0.59949E+00    19
123100  0.60200E+00    18
123200  0.60655E+00    18
123300  0.61110E+00    18
123400  0.61566E+00    19
123500  0.62022E+00    19
123600  0.62480E+00    20
123700  0.62938E+00    21
123800  0.63396E+00    22
123900  0.64059E+00    23
124000  0.64520E+00    23
124100  0.65185E+00    23
124200  0.65851E+00    22
124300  0.66313E+00    22
124400  0.66981E+00    21
124500  0.67445E+00    20
124600  0.68114E+00    20
124700  0.68580E+00    19
124800  0.69046E+00    19
124900  0.69307E+00    19
125000  0.69568E+00    19
125100  0.69830E+00    20
125200  0.70092E+00    20
125300  0.69941E+00    20
125400  0.69997E+00    21
125500  0.69846E+00    22
125600  0.69695E+00    22
125700  0.69544E+00    23
125800  0.69392E+00    24
125900  0.69240E+00    24
126000  0.69295E+00    24
126100  0.69350E+00    24
126200  0.69405E+00    24
126300  0.69668E+00    24
126400  0.69931E+00    24
126500  0.70194E+00    25
126600  0.70458E+00    26
126700  0.70493E+00    26
126800  0.70758E+00    26
126900  0.70813E+00    26
127000  0.70869E+00    25
127100  0.70925E+00    24
127200  0.70981E+00    23
127300  0.71058E+00    21
127400  0.71113E+00    20
127500  0.71169E+00    19
127600  0.71435E+00    19
127700  0.71491E+00    19
127800  0.71758E+00    20
127900  0.72024E+00    21
128000  0.72291E+00    22
128100  0.72559E+00    23
128200  0.73038E+00    23
128300  0.73517E+00    23
128400  0.73997E+00    22
128500  0.74478E+00    22
128600  0.75171E+00    21
128700  0.75654E+00    20
128800  0.76136E+00    20
128900  0.76832E+00    20
129000  0.77104E+00    20
129100  0.77589E+00    19
129200  0.77862E+00    19
129300  0.78135E+00    19
129400  0.78196E+00    19
129500  0.78469E+00    19
129600  0.78530E+00    19
129700  0.78377E+00    20
129800  0.78437E+00    20
129900  0.78498E+00    20
130000  0.78558E+00    20
130100  0.78619E+00    21
130200  0.78679E+00    21
130300  0.78954E+00    22
130400  0.79229E+00    22
130500  0.79505E+00    23
130600  0.79781E+00    23
130700  0.80273E+00    23
130800  0.80980E+00    23
130900  0.81473E+00    23
131000  0.82182E+00    23
131100  0.82893E+00    22
131200  0.83604E+00    22
131300  0.84316E+00    22
131400  0.84813E+00    22
131500  0.85527E+00    22
131600  0.86243E+00    22
131700  0.86742E+00    22
131800  0.87242E+00    23
131900  0.87742E+00    23
132000  0.88243E+00    23
132100  0.88745E+00    24
132200  0.89030E+00    24
132300  0.89315E+00    24
132400  0.89601E+00    24
132500  0.89887E+00    24
132600  0.90173E+00    24
132700  0.90459E+00    24
132800  0.90528E+00    24
132900  0.90596E+00    24
133000  0.90664E+00    24
133100  0.90732E+00    24
133200  0.90581E+00    24
133300  0.90429E+00    24
133400  0.90058E+00    24
133500  0.89906E+00    24
133600  0.89753E+00    24
133700  0.89380E+00    25
133800  0.89226E+00    25
133900  0.89073E+00    25
134000  0.88919E+00    25
134100  0.88985E+00    25
134200  0.89051E+00    25
134300  0.89118E+00    24
134400  0.89184E+00    24
134500  0.89472E+00    24
134600  0.89538E+00    24
134700  0.89827E+00    24
134800  0.89893E+00    24
134900  0.90182E+00    24
135000  0.90249E+00    24
135100  0.90316E+00    25
135200  0.90383E+00    25
135300  0.90450E+00    25
135400  0.90516E+00    26
135500  0.90583E+00    26
135600  0.90650E+00    26
135700  0.90940E+00    26
135800  0.91007E+00    26
135900  0.91298E+00    25
136000  0.91365E+00    25
136100  0.91657E+00    24
136200  0.91724E+00    24
136300  0.92016E+00    24
136400  0.92083E+00    24
136500  0.92151E+00    24
136600  0.91993E+00    24
136700  0.92061E+00    24
136800  0.91903E+00    25
136900  0.91745E+00    25
137000  0.91586E+00    25
137100  0.91427E+00    26
137200  0.91268E+00    26
137300  0.91108E+00    26
137400  0.90948E+00    26
137500  0.90788E+00    26
137600  0.90854E+00    26
137700  0.90920E+00    26
137800  0.90986E+00    27
137900  0.91052E+00    27
138000  0.91346E+00    28
138100  0.91412E+00    28
138200  0.91706E+00    29
138300  0.92000E+00    28
138400  0.92066E+00    28
138500  0.92133E+00    28
138600  0.92427E+00    28
138700  0.92494E+00    28
138800  0.92561E+00    28
138900  0.92627E+00    28
139000  0.92694E+00    29
139100  0.92990E+00    29
139200  0.93057E+00    30
139300  0.93124E+00    31
139400  0.93420E+00    31
139500  0.93717E+00    32
139600  0.94014E+00    32
139700  0.94311E+00    32
139800  0.94609E+00    32
139900  0.94907E+00    32
140000  0.95436E+00    33
140100  0.95735E+00    33
140200  0.96034E+00    33
140300  0.96333E+00    34
140400  0.96633E+00    34
140500  0.96702E+00    35
140600  0.97002E+00    35
140700  0.97071E+00    35
140800  0.96908E+00    35
140900  0.96977E+00    35
141000  0.96814E+00    34
141100  0.96883E+00    34
141200  0.96719E+00    32
141300  0.96555E+00    31
141400  0.96623E+00    30
141500  0.96691E+00    29
141600  0.96526E+00    28
141700  0.96828E+00    27
141800  0.96896E+00    27
141900  0.97198E+00    26
142000  0.97267E+00    26
142100  0.97569E+00    26
142200  0.97872E+00    26
142300  0.97941E+00    26
142400  0.98244E+00    26
142500  0.98313E+00    26
142600  0.98382E+00    27
142700  0.98216E+00    27
142800  0.98050E+00    28
142900  0.98118E+00    29
143000  0.97952E+00    29
143100  0.97785E+00    30
143200  0.97853E+00    30
143300  0.97685E+00    30
143400  0.97753E+00    30
143500  0.97822E+00    30
143600  0.98126E+00    30
143700  0.98195E+00    29
143800  0.98500E+00    29
143900  0.98805E+00    28
144000  0.99111E+00    28
144100  0.99180E+00    27
144200  0.99486E+00    27
144300  0.99793E+00    27
144400  0.99862E+00    27
144500  0.99931E+00    27
144600  0.10000E+01    27
144700  0.99831E+00    27
144800  0.99661E+00    28
144900  0.99492E+00    28
145000  0.99322E+00    29
145100  0.99151E+00    29
145200  0.98980E+00    29
145300  0.98809E+00    29
145400  0.98638E+00    29
145500  0.98466E+00    28
145600  0.98294E+00    28
145700  0.98122E+00    28
145800  0.97949E+00    27
145900  0.97776E+00    27
146000  0.97603E+00    27
146100  0.97429E+00    26
146200  0.97255E+00    26
146300  0.97080E+00    26
146400  0.96906E+00    26
146500  0.96731E+00    25
146600  0.96555E+00    25
146700  0.96380E+00    26
146800  0.96204E+00    26
146900  0.96269E+00    26
147000  0.96093E+00    26
147100  0.96158E+00    27
147200  0.95981E+00    28
147300  0.96046E+00    28
147400  0.95869E+00    29
147500  0.95934E+00    29
147600  0.95999E+00    30
147700  0.95821E+00    30
147800  0.95642E+00    29
147900  0.95463E+00    29
148000  0.95284E+00    29
148100  0.95349E+00    28
148200  0.94925E+00    28
148300  0.94745E+00    28
148400  0.94564E+00    27
148500  0.94384E+00    27
148600  0.94202E+00    27
148700  0.94021E+00    27
148800  0.93839E+00    27
148900  0.93657E+00    27
149000  0.93475E+00    27
149100  0.93292E+00    27
149200  0.93109E+00    27
149300  0.92679E+00    27
149400  0.92496E+00    27
149500  0.92311E+00    27
149600  0.91880E+00    28
149700  0.91695E+00    28
149800  0.91510E+00    29
149900  0.91077E+00    30
150000  0.90891E+00    30
150100  0.90705E+00    30
150200  0.90518E+00    30
150300  0.90330E+00    30
150400  0.90143E+00    30
150500  0.89955E+00    30
150600  0.89767E+00    30
150700  0.89578E+00    29
150800  0.89389E+00    29
150900  0.89200E+00    28
151000  0.88762E+00    28
151100  0.88572E+00    28
151200  0.88382E+00    28
151300  0.87942E+00    28
151400  0.87501E+00    28
151500  0.87060E+00    28
151600  0.86619E+00    27
151700  0.85926E+00    27
151800  0.85233E+00    27
151900  0.84539E+00    28
152000  0.83844E+00    28
152100  0.83148E+00    28
152200  0.82200E+00    29
152300  0.81502E+00    29
152400  0.80551E+00    30
152500  0.79851E+00    31
152600  0.79149E+00    31
152700  0.78196E+00    31
152800  0.77492E+00    32
152900  0.76787E+00    32
153000  0.76082E+00    32
153100  0.75375E+00    31
153200  0.74920E+00    31
153300  0.74212E+00    31
153400  0.73502E+00    30
153500  0.72792E+00    30
153600  0.72081E+00    30
153700  0.71368E+00    30
153800  0.70680E+00    29
153900  0.69966E+00    29
154000  0.69251E+00    29
154100  0.68535E+00    28
154200  0.67817E+00    28
154300  0.67328E+00    28
154400  0.66609E+00    28
154500  0.66143E+00    27
154600  0.65931E+00    27
154700  0.65465E+00    27
154800  0.65252E+00    27
154900  0.65039E+00    27
155000  0.64826E+00    28
155100  0.64868E+00    28
155200  0.64909E+00    28
155300  0.64696E+00    28
155400  0.64737E+00    28
155500  0.64779E+00    28
155600  0.64821E+00    27
155700  0.64862E+00    27
155800  0.65160E+00    27
155900  0.65202E+00    27
156000  0.65244E+00    28
156100  0.65286E+00    28
156200  0.65585E+00    28
156300  0.65627E+00    29
156400  0.65926E+00    30
156500  0.65969E+00    30
156600  0.66269E+00    31
156700  0.66311E+00    32
156800  0.66611E+00    32
156900  0.66654E+00    33
157000  0.66696E+00    33
157100  0.66997E+00    33
157200  0.67040E+00    32
157300  0.67083E+00    32
157400  0.67125E+00    31
157500  0.66909E+00    31
157600  0.66951E+00    30
157700  0.66994E+00    30
157800  0.66776E+00    29
157900  0.66819E+00    29
158000  0.66601E+00    29
158100  0.66383E+00    29
158200  0.66425E+00    29
158300  0.66206E+00    29
158400  0.65987E+00    29
158500  0.65768E+00    29
158600  0.65287E+00    29
158700  0.65067E+00    29
158800  0.64846E+00    29
158900  0.64364E+00    29
159000  0.64142E+00    30
159100  0.63659E+00    30
159200  0.63175E+00    31
159300  0.62952E+00    31
159400  0.62467E+00    32
159500  0.61981E+00    32
159600  0.61757E+00    32
159700  0.61269E+00    32
159800  0.61045E+00    32
159900  0.60820E+00    32
160000  0.60594E+00    32
160100  0.60368E+00    31
160200  0.60142E+00    31
160300  0.59916E+00    30
160400  0.59953E+00    30
160500  0.59726E+00    29
160600  0.59764E+00    29
160700  0.59801E+00    29
160800  0.59838E+00    29
160900  0.59875E+00    29
161000  0.59647E+00    29
161100  0.59684E+00    30
161200  0.59721E+00    30
161300  0.59493E+00    30
161400  0.59530E+00    30
161500  0.59567E+00    30
161600  0.59337E+00    30
161700  0.59108E+00    30
161800  0.59144E+00    30
161900  0.58914E+00    31
162000  0.58684E+00    31
162100  0.58453E+00    31
162200  0.58222E+00    32
162300  0.57991E+00    32
162400  0.57492E+00    33
162500  0.57260E+00    34
162600  0.56760E+00    35
162700  0.56259E+00    36
162800  0.55757E+00    38
162900  0.55255E+00    39
163000  0.54484E+00    41
163100  0.53711E+00    42
163200  0.52965E+00    44
163300  0.52191E+00    45
163400  0.51416E+00    46
163500  0.50370E+00    47
163600  0.49324E+00    48
163700  0.48275E+00    48
163800  0.47226E+00    49
163900  0.46175E+00    49
164000  0.45123E+00    49
164100  0.43800E+00    49
164200  0.42745E+00    49
164300  0.41419E+00    49
164400  0.40361E+00    49
164500  0.39031E+00    49
164600  0.37700E+00    50
164700  0.36638E+00    50
164800  0.35303E+00    50
164900  0.33967E+00    51
165000  0.32901E+00    51
165100  0.31562E+00    52
165200  0.30493E+00    52
165300  0.29150E+00    52
165400  0.28079E+00    52
165500  0.26777E+00    53
165600  0.25618E+00    53
165700  0.24487E+00    53
165800  0.23407E+00    53
165900  0.22301E+00    53
166000  0.21276E+00    53
166100  0.20280E+00    53
166200  0.19307E+00    53
166300  0.18360E+00    53
166400  0.17442E+00    53
166500  0.16603E+00    54
166600  0.15762E+00    54
166700  0.14948E+00    54
166800  0.14213E+00    54
166900  0.13507E+00    54
167000  0.12825E+00    55
167100  0.12197E+00    55
167200  0.11571E+00    55
167300  0.10997E+00    56
167400  0.10480E+00    57
167500  0.99344E-01    57
167600  0.94712E-01    59
167700  0.90350E-01    60
167800  0.85983E-01    62
167900  0.82164E-01    63
168000  0.78368E-01    65
168100  0.74789E-01    66
168200  0.71510E-01    68
168300  0.68227E-01    69
168400  0.65494E-01    69
168500  0.62731E-01    70
168600  0.59992E-01    70
168700  0.57528E-01    69
168800  0.55033E-01    69
168900  0.52840E-01    68
169000  0.50896E-01    66
169100  0.48699E-01    65
169200  0.47028E-01    62
169300  0.45104E-01    61
169400  0.43457E-01    59
169500  0.42088E-01    57
169600  0.40437E-01    56
169700  0.39064E-01    54
169800  0.37689E-01    53
169900  0.36592E-01    51
170000  0.35494E-01    50
170100  0.34394E-01    50
170200  0.33293E-01    49
170300  0.32191E-01    50
170400  0.31340E-01    50
170500  0.30264E-01    51
170600  0.29411E-01    52
170700  0.28585E-01    53
170800  0.27676E-01    54
170900  0.26809E-01    56
171000  0.25960E-01    58
171100  0.25085E-01    59
171200  0.24189E-01    60
171300  0.23309E-01    62
171400  0.22406E-01    63
171500  0.21450E-01    63
171600  0.20516E-01    63
171700  0.19522E-01    62
171800  0.18498E-01    61
171900  0.17467E-01    60
172000  0.16440E-01    59
172100  0.15382E-01    58
172200  0.14324E-01    56
172300  0.13260E-01    55
172400  0.12223E-01    55
172500  0.11154E-01    55
172600  0.10137E-01    56
172700  0.91167E-02    59
172800  0.80920E-02    62
172900  0.71031E-02    71
173000  0.61957E-02    80
173100  0.52644E-02    93
173200  0.44290E-02   120
173300  0.35669E-02   149
173400  0.27878E-02   217
173500  0.18864E-02   361
173600  0.20018E-02   464
173700  0.12653E-02   467
173800  0.65935E-02   707
173900  0.70697E-02   707
174000  0.71225E-02   707
174100  0.67224E-02   707
174200  0.58199E-02   707
174300  0.45633E-02   707
174400  0.30411E-02   707
174500  0.12565E-02   707
174600  0.32659E-02  1000
174700  0.67398E-03   707
174800  0.18510E-02   707
174900  0.25351E-02   707
175000  0.29103E-02   707
175100  0.39355E-02   594
175200  0.38310E-02   582
175300  0.31693E-02   568
175400  0.26594E-02   552
175500  0.22225E-02   533
175600  0.18262E-02   512
175700  0.14555E-02   487
175800  0.10516E-02   460
175900  0.12147E-02   475
176000  0.10998E-02   432
176100  0.10027E-02   388
176200  0.91999E-03   348
176300  0.85230E-03   313
176400  0.76913E-03   295
176500  0.63472E-03   281
176600  0.59495E-03   280
176700  0.54408E-03   279
176800  0.49344E-03   277
176900  0.44449E-03   277
177000  0.39840E-03   276
177100  0.34672E-03   276
177200  0.32387E-03   285
177300  0.30216E-03   285
177400  0.28410E-03   284
177500  0.26824E-03   284
177600  0.25348E-03   284
177700  0.23747E-03   284
177800  0.22385E-03   283
177900  0.21167E-03   283
178000  0.20094E-03   282
178100  0.19182E-03   283
178200  0.18312E-03   282
178300  0.17533E-03   281
178400  0.16823E-03   281
178500  0.16192E-03   282
178600  0.15589E-03   281
178700  0.15054E-03   282
178800  0.14508E-03   280
178900  0.14248E-03   281
179000  0.13979E-03   280
179100  0.13737E-03   281
179200  0.13488E-03   278
179300  0.13268E-03   279
179400  0.13042E-03   279
179500  0.12816E-03   279
179600  0.14402E-03   268
179700  0.14880E-03   268
179800  0.15001E-03   267
179900  0.14938E-03   267
180000  0.14852E-03   268
180100  0.14685E-03   267
180200  0.14619E-03   268
180300  0.14295E-03   266
180400  0.13688E-03   267
180500  0.11873E-03   276
180600  0.11942E-03   276
180700  0.11994E-03   277
180800  0.12018E-03   276
180900  0.12081E-03   276
181000  0.12112E-03   275
181100  0.12181E-03   275
181200  0.12218E-03   276
181300  0.12269E-03   274
181400  0.12285E-03   276
181500  0.12283E-03   275
181600  0.12308E-03   274
181700  0.12329E-03   273
181800  0.12330E-03   272
181900  0.14164E-03   263
182000  0.14855E-03   263
182100  0.15145E-03   262
182200  0.15174E-03   261
182300  0.15072E-03   260
182400  0.14903E-03   261
182500  0.14577E-03   260
182600  0.14146E-03   260
182700  0.13543E-03   258
182800  0.12883E-03   259
182900  0.11896E-03   259
183000  0.11776E-03   266
183100  0.11625E-03   266
183200  0.11445E-03   267
183300  0.11297E-03   265
183400  0.11149E-03   265
183500  0.11004E-03   264
183600  0.10856E-03   264
183700  0.10711E-03   263
183800  0.10565E-03   263
183900  0.10392E-03   263
184000  0.10165E-03   262
184100  0.99368E-04   262
184200  0.97117E-04   262
184300  0.95136E-04   261
184400  0.92850E-04   262
184500  0.86672E-04   253
184600  0.96902E-04   253
184700  0.99205E-04   253
184800  0.99624E-04   252
184900  0.99099E-04   252
185000  0.98056E-04   252
185100  0.96585E-04   251
185200  0.94533E-04   252
185300  0.92693E-04   251
185400  0.90514E-04   251
185500  0.87753E-04   252
185600  0.84897E-04   252
185700  0.81763E-04   252
185800  0.78595E-04   252
185900  0.76219E-04   252
186000  0.75126E-04   252
186100  0.74799E-04   251
186200  0.73920E-04   251
186300  0.72180E-04   251
186400  0.68321E-04   252
186500  0.61110E-04   260
186600  0.60467E-04   260
186700  0.59823E-04   260
186800  0.59486E-04   260
186900  0.58902E-04   260
187000  0.58287E-04   261
187100  0.58041E-04   261
187200  0.57487E-04   262
187300  0.57271E-04   261
187400  0.64059E-04   253
187500  0.65729E-04   254
187600  0.66197E-04   253
187700  0.65614E-04   254
187800  0.64134E-04   254
187900  0.60981E-04   254
188000  0.54420E-04   263
188100  0.53953E-04   263
188200  0.53796E-04   262
188300  0.53298E-04   263
188400  0.52830E-04   263
188500  0.52361E-04   263
188600  0.52172E-04   263
188700  0.51702E-04   263
188800  0.51201E-04   263
188900  0.50699E-04   263
189000  0.50477E-04   262
189100  0.49632E-04   254
189200  0.53677E-04   255
189300  0.55357E-04   255
189400  0.56447E-04   255
189500  0.57101E-04   255
189600  0.57193E-04   255
189700  0.56724E-04   256
189800  0.55691E-04   255
189900  0.52562E-04   255
190000  0.45363E-04   264
190100  0.44792E-04   265
190200  0.44221E-04   265
190300  0.43649E-04   265
190400  0.43076E-04   265
190500  0.42503E-04   266
190600  0.42211E-04   265
190700  0.41605E-04   266
190800  0.41973E-04   257
190900  0.47496E-04   257
191000  0.47898E-04   258
191100  0.47608E-04   257
191200  0.46752E-04   257
191300  0.45264E-04   258
191400  0.43775E-04   258
191500  0.42347E-04   258
191600  0.41013E-04   257
191700  0.39740E-04   259
191800  0.39129E-04   259
191900  0.38834E-04   258
192000  0.38822E-04   258
192100  0.39159E-04   258
192200  0.39717E-04   258
192300  0.40435E-04   259
192400  0.41089E-04   259
192500  0.41935E-04   258
192600  0.42305E-04   258
192700  0.42454E-04   259
192800  0.42413E-04   259
192900  0.42371E-04   257
193000  0.41916E-04   258
193100  0.41270E-04   258
193200  0.40465E-04   259
193300  0.39594E-04   259
193400  0.38946E-04   257
193500  0.38138E-04   259
193600  0.37775E-04   258
193700  0.37221E-04   259
193800  0.36984E-04   259
193900  0.36429E-04   260
194000  0.36032E-04   260
194100  0.35252E-04   262
194200  0.34631E-04   261
194300  0.33593E-04   262
194400  0.32810E-04   262
194500  0.32218E-04   261
194600  0.31709E-04   263
194700  0.31943E-04   262
194800  0.32172E-04   264
194900  0.32766E-04   263
195000  0.33072E-04   264
195100  0.33570E-04   263
195200  0.33652E-04   264
195300  0.33862E-04   263
195400  0.33622E-04   264
195500  0.33478E-04   262
195600  0.32819E-04   264
195700  0.32224E-04   262
195800  0.31121E-04   263
195900  0.30040E-04   262
196000  0.28374E-04   263
196100  0.26891E-04   261
196200  0.26106E-04   263
196300  0.26850E-04   262
196400  0.27646E-04   262
196500  0.28178E-04   262
196600  0.28513E-04   261
196700  0.28615E-04   261
196800  0.28607E-04   260
196900  0.28492E-04   260
197000  0.28334E-04   260
197100  0.28206E-04   259
197200  0.28029E-04   258
197300  0.27871E-04   258
197400  0.27719E-04   258
197500  0.27596E-04   257
197600  0.27425E-04   257
197700  0.27234E-04   257
197800  0.27003E-04   256
197900  0.26769E-04   256
198000  0.26489E-04   255
198100  0.26144E-04   256
198200  0.25847E-04   255
198300  0.25573E-04   255
198400  0.25367E-04   255
198500  0.25259E-04   255
198600  0.25213E-04   255
198700  0.25232E-04   255
198800  0.25225E-04   255
198900  0.25274E-04   255
199000  0.25237E-04   255
199100  0.25187E-04   255
199200  0.25039E-04   254
199300  0.24681E-04   255
199400  0.24076E-04   254
199500  0.22850E-04   255
199600  0.21310E-04   254
199700  0.22495E-04   254
199800  0.24332E-04   254
199900  0.25670E-04   254
200000  0.26260E-04   254
200100  0.24912E-04   254
200200  0.22775E-04   254
200300  0.21504E-04   262
200400  0.21343E-04   262
200500  0.21211E-04   261
200600  0.21047E-04   261
200700  0.20882E-04   262
200800  0.20714E-04   262
200900  0.20579E-04   262
201000  0.20444E-04   261
201100  0.20301E-04   261
201200  0.21249E-04   253
201300  0.22745E-04   252
201400  0.23389E-04   252
201500  0.23713E-04   252
201600  0.23771E-04   251
201700  0.23723E-04   252
201800  0.23622E-04   251
201900  0.23517E-04   251
202000  0.23296E-04   251
202100  0.22965E-04   251
202200  0.22597E-04   250
202300  0.22248E-04   250
202400  0.21816E-04   250
202500  0.21276E-04   249
202600  0.20646E-04   250
202700  0.19665E-04   249
202800  0.18720E-04   249
202900  0.19999E-04   249
203000  0.20680E-04   248
203100  0.20982E-04   248
203200  0.21126E-04   248
203300  0.21103E-04   248
203400  0.21019E-04   248
203500  0.20946E-04   247
203600  0.20728E-04   247
203700  0.20104E-04   247
203800  0.17728E-04   247
203900  0.16958E-04   254
204000  0.16872E-04   254
204100  0.16787E-04   253
204200  0.16704E-04   254
204300  0.16695E-04   254
204400  0.18854E-04   246
204500  0.19328E-04   246
204600  0.19449E-04   247
204700  0.19526E-04   247
204800  0.19606E-04   247
204900  0.19680E-04   247
205000  0.19726E-04   247
205100  0.19746E-04   247
205200  0.19830E-04   247
205300  0.19809E-04   247
205400  0.19559E-04   248
205500  0.19280E-04   249
205600  0.18972E-04   249
205700  0.18547E-04   249
205800  0.17841E-04   249
205900  0.15602E-04   249
206000  0.16363E-04   259
206100  0.16357E-04   259
206200  0.16389E-04   258
206300  0.16353E-04   260
206400  0.16354E-04   260
206500  0.16355E-04   260
206600  0.16359E-04   261
206700  0.16364E-04   261
206800  0.19038E-04   254
206900  0.19947E-04   254
207000  0.20287E-04   254
207100  0.20358E-04   255
207200  0.20225E-04   255
207300  0.20074E-04   255
207400  0.19961E-04   256
207500  0.19840E-04   257
207600  0.19744E-04   256
207700  0.19610E-04   256
207800  0.19459E-04   257
207900  0.19557E-04   256
208000  0.19734E-04   256
208100  0.19884E-04   257
208200  0.20086E-04   256
208300  0.20088E-04   257
208400  0.19848E-04   256
208500  0.19552E-04   256
208600  0.19142E-04   257
208700  0.18670E-04   256
208800  0.18713E-04   257
208900  0.19077E-04   257
209000  0.19261E-04   256
209100  0.19418E-04   257
209200  0.19428E-04   256
209300  0.19217E-04   257
209400  0.18919E-04   257
209500  0.18635E-04   256
209600  0.18115E-04   257
209700  0.16736E-04   256
209800  0.15853E-04   265
209900  0.15805E-04   266
210000  0.15795E-04   265
210100  0.15782E-04   264
210200  0.15738E-04   265
210300  0.17310E-04   256
210400  0.18535E-04   255
210500  0.19063E-04   256
210600  0.19357E-04   255
210700  0.19553E-04   255
210800  0.19799E-04   255
210900  0.19860E-04   255
211000  0.19644E-04   256
211100  0.19225E-04   255
211200  0.18682E-04   255
211300  0.17671E-04   255
211400  0.15382E-04   264
211500  0.15365E-04   263
211600  0.15351E-04   264
211700  0.15327E-04   263
211800  0.15275E-04   264
211900  0.15251E-04   263
212000  0.15230E-04   264
212100  0.15174E-04   265
212200  0.15150E-04   264
212300  0.15129E-04   264
212400  0.15105E-04   264
212500  0.15046E-04   265
212600  0.15063E-04   265
212700  0.15081E-04   265
212800  0.14927E-04   257
212900  0.16753E-04   258
213000  0.17515E-04   258
213100  0.17916E-04   260
213200  0.18023E-04   260
213300  0.17898E-04   260
213400  0.17492E-04   262
213500  0.16804E-04   262
213600  0.16689E-04   262
213700  0.17548E-04   263
213800  0.18292E-04   263
213900  0.18875E-04   264
214000  0.19334E-04   264
214100  0.19393E-04   265
214200  0.19046E-04   265
214300  0.18448E-04   266
214400  0.16974E-04   267
214500  0.15046E-04   279
214600  0.15071E-04   280
214700  0.16771E-04   271
214800  0.18123E-04   271
214900  0.18973E-04   273
215000  0.19365E-04   274
215100  0.18938E-04   275
215200  0.17288E-04   275
215300  0.15084E-04   288
215400  0.15106E-04   289
215500  0.15084E-04   291
215600  0.15088E-04   291
215700  0.18653E-04   281
215800  0.19778E-04   282
215900  0.20349E-04   284
216000  0.20504E-04   283
216100  0.20229E-04   285
216200  0.19757E-04   286
216300  0.19232E-04   287
216400  0.18725E-04   288
216500  0.18373E-04   290
216600  0.18385E-04   291
216700  0.18312E-04   293
216800  0.18324E-04   294
216900  0.18829E-04   295
217000  0.19495E-04   296
217100  0.20086E-04   297
217200  0.20650E-04   299
217300  0.21007E-04   300
217400  0.20909E-04   301
217500  0.20539E-04   303
217600  0.19957E-04   304
217700  0.18833E-04   305
217800  0.17071E-04   307
217900  0.17491E-04   308
218000  0.18500E-04   309
218100  0.19033E-04   310
218200  0.19653E-04   313
218300  0.19820E-04   314
218400  0.18930E-04   315
218500  0.15701E-04   318
218600  0.14804E-04   337
218700  0.14811E-04   338
218800  0.14753E-04   341
218900  0.14763E-04   342
219000  0.14774E-04   343
219100  0.14744E-04   345
219200  0.14722E-04   347
219300  0.14689E-04   349
219400  0.14700E-04   350
219500  0.14638E-04   353
219600  0.14648E-04   354
219700  0.14590E-04   357
219800  0.17835E-04   337
219900  0.19324E-04   338
220000  0.20224E-04   340
220100  0.20926E-04   341
220200  0.21222E-04   342
220300  0.21195E-04   343
220400  0.20998E-04   346
220500  0.20630E-04   347
220600  0.20214E-04   348
220700  0.20049E-04   349
220800  0.20214E-04   350
220900  0.20460E-04   352
221000  0.20724E-04   353
221100  0.21068E-04   355
221200  0.21023E-04   356
221300  0.20428E-04   357
221400  0.19536E-04   359
221500  0.18356E-04   360
221600  0.16190E-04   361
221700  0.13302E-04   388
221800  0.13243E-04   390
221900  0.13157E-04   393
222000  0.13101E-04   394
222100  0.13045E-04   396
222200  0.12985E-04   397
222300  0.12928E-04   398
222400  0.12846E-04   402
222500  0.12790E-04   403
222600  0.12770E-04   404
222700  0.12721E-04   405
222800  0.12671E-04   407
222900  0.12618E-04   408
223000  0.13659E-04   380
223100  0.17975E-04   382
223200  0.19629E-04   382
223300  0.20616E-04   383
223400  0.21390E-04   385
223500  0.22173E-04   386
223600  0.22742E-04   388
223700  0.22627E-04   389
223800  0.21926E-04   390
223900  0.20513E-04   391
224000  0.17110E-04   393
224100  0.12387E-04   429
224200  0.12382E-04   430
224300  0.12409E-04   431
224400  0.12422E-04   434
224500  0.14568E-04   399
224600  0.17792E-04   400
224700  0.18048E-04   402
224800  0.15835E-04   403
224900  0.12491E-04   441
225000  0.12526E-04   442
225100  0.12480E-04   445
225200  0.12519E-04   446
225300  0.12520E-04   447
225400  0.12533E-04   450
225500  0.12583E-04   451
225600  0.12637E-04   453
225700  0.12721E-04   454
225800  0.12768E-04   457
225900  0.12825E-04   459
226000  0.12883E-04   461
226100  0.12941E-04   464
226200  0.13021E-04   466
226300  0.13079E-04   468
226400  0.13197E-04   469
226500  0.13232E-04   472
226600  0.13290E-04   474
226700  0.13348E-04   476
226800  0.13410E-04   478
226900  0.13502E-04   479
227000  0.13538E-04   482
227100  0.13600E-04   484
227200  0.13692E-04   487
227300  0.13754E-04   488
227400  0.13824E-04   491
227500  0.13886E-04   492
227600  0.13889E-04   496
227700  0.13951E-04   499
227800  0.13991E-04   501
227900  0.14027E-04   504
228000  0.14067E-04   507
228100  0.14103E-04   510
228200  0.14170E-04   512
228300  0.14210E-04   515
228400  0.14253E-04   518
228500  0.14293E-04   521
228600  0.14360E-04   523
228700  0.14400E-04   526
228800  0.14482E-04   528
228900  0.14548E-04   531
229000  0.14570E-04   534
229100  0.14640E-04   536
229200  0.14718E-04   539
229300  0.14789E-04   541
229400  0.14841E-04   544
229500  0.14859E-04   548
229600  0.14873E-04   551
229700  0.14906E-04   554
229800  0.14897E-04   558
229900  0.14888E-04   563
230000  0.14959E-04   565
230100  0.14951E-04   569
230200  0.17834E-04   497
230300  0.23731E-04   499
230400  0.22451E-04   501
230500  0.15033E-04   583
230600  0.15032E-04   586
230700  0.15077E-04   589
230800  0.15080E-04   592
230900  0.15109E-04   596
231000  0.15142E-04   599
231100  0.15217E-04   602
231200  0.15250E-04   605
231300  0.15284E-04   609
231400  0.15347E-04   612
231500  0.15407E-04   615
231600  0.26134E-04   526
231700  0.35393E-04   528
231800  0.41908E-04   530
231900  0.46814E-04   533
232000  0.48515E-04   535
232100  0.47771E-04   537
232200  0.46224E-04   539
232300  0.44714E-04   541
232400  0.42782E-04   543
232500  0.40465E-04   545
232600  0.38606E-04   547
232700  0.37071E-04   549
232800  0.34955E-04   551
232900  0.31994E-04   553
233000  0.28095E-04   555
233100  0.23850E-04   556
233200  0.20340E-04   558
233300  0.15727E-04   560
233400  0.16948E-04   679
233500  0.17071E-04   682
233600  0.17182E-04   684
233700  0.17309E-04   685
233800  0.17393E-04   685
233900  0.12863E-04   566
234000  0.19566E-04   566
234100  0.22750E-04   566
234200  0.24406E-04   567
234300  0.24467E-04   567
234400  0.24130E-04   567
234500  0.24963E-04   567
234600  0.24294E-04   568
234700  0.13850E-04   568
234800  0.18519E-04   691
234900  0.18654E-04   692
235000  0.18763E-04   693
235100  0.18891E-04   693
235200  0.19023E-04   694
235300  0.19171E-04   694
235400  0.19318E-04   695
235500  0.19470E-04   695
235600  0.19595E-04   696
235700  0.19731E-04   697
235800  0.19879E-04   697
235900  0.20062E-04   697
236000  0.20242E-04   697
236100  0.20421E-04   697
236200  0.20601E-04   697
236300  0.20754E-04   697
236400  0.20946E-04   697
236500  0.21118E-04   697
236600  0.21306E-04   697
236700  0.21475E-04   698
236800  0.21679E-04   698
236900  0.26205E-04   572
237000  0.35352E-04   572
237100  0.41500E-04   572
237200  0.46595E-04   572
237300  0.50834E-04   573
237400  0.53670E-04   573
237500  0.53928E-04   572
237600  0.48708E-04   572
237700  0.32435E-04   572
237800  0.23736E-04   698
237900  0.23981E-04   698
238000  0.24254E-04   699
238100  0.24523E-04   700
238200  0.24812E-04   700
238300  0.25120E-04   700
238400  0.43415E-04   574
238500  0.56864E-04   574
238600  0.63410E-04   575
238700  0.66070E-04   575
238800  0.66058E-04   575
238900  0.64394E-04   575
239000  0.63162E-04   576
239100  0.61850E-04   576
239200  0.57858E-04   576
239300  0.50120E-04   576
239400  0.37314E-04   577
239500  0.28851E-04   707
239600  0.29183E-04   707
239700  0.29511E-04   708
239800  0.29839E-04   708
239900  0.30187E-04   709
240000  0.16601E-04   578
240100  0.51118E-04   579
240200  0.66169E-04   578
240300  0.75811E-04   579
240400  0.78336E-04   578
240500  0.75676E-04   578
240600  0.72895E-04   578
240700  0.71181E-04   578
240800  0.69268E-04   578
240900  0.67075E-04   578
241000  0.65635E-04   578
241100  0.65424E-04   578
241200  0.64935E-04   578
241300  0.64445E-04   578
241400  0.63836E-04   577
241500  0.64101E-04   577
241600  0.65162E-04   577
241700  0.67417E-04   577
241800  0.70073E-04   577
241900  0.72572E-04   577
242000  0.73000E-04   577
242100  0.70678E-04   577
242200  0.63489E-04   577
242300  0.46081E-04   577
242400  0.38684E-04   707
242500  0.39263E-04   708
242600  0.39706E-04   709
242700  0.40282E-04   711
242800  0.40699E-04   712
242900  0.41315E-04   713
243000  0.41892E-04   714
243100  0.61323E-04   582
243200  0.74964E-04   582
243300  0.79962E-04   583
243400  0.80236E-04   583
243500  0.78545E-04   584
243600  0.75769E-04   585
243700  0.72068E-04   585
243800  0.69007E-04   586
243900  0.68272E-04   587
244000  0.69867E-04   587
244100  0.72187E-04   588
244200  0.73985E-04   588
244300  0.74941E-04   589
244400  0.76420E-04   589
244500  0.81081E-04   590
244600  0.88002E-04   591
244700  0.94525E-04   592
244800  0.10021E-03   593
244900  0.10601E-03   594
245000  0.11130E-03   595
245100  0.11304E-03   595
245200  0.10994E-03   597
245300  0.10413E-03   597
245400  0.98553E-04   598
245500  0.92934E-04   599
245600  0.85854E-04   600
245700  0.76786E-04   601
245800  0.66011E-04   602
245900  0.49195E-04   603
246000  0.67118E-04   757
246100  0.68645E-04   759
246200  0.69970E-04   760
246300  0.71499E-04   762
246400  0.34287E-04   607
246500  0.85682E-04   608
246600  0.11349E-03   608
246700  0.13275E-03   609
246800  0.14499E-03   610
246900  0.15026E-03   611
247000  0.14999E-03   612
247100  0.14432E-03   614
247200  0.13461E-03   617
247300  0.12098E-03   617
247400  0.10689E-03   620
247500  0.94750E-04   621
247600  0.87409E-04   623
247700  0.83448E-04   624
247800  0.80748E-04   626
247900  0.75025E-04   627
248000  0.67909E-04   629
248100  0.69243E-04   630
248200  0.81818E-04   631
248300  0.95220E-04   632
248400  0.10720E-03   634
248500  0.12017E-03   635
248600  0.13561E-03   636
248700  0.14374E-03   637
248800  0.13773E-03   639
248900  0.11738E-03   639
249000  0.88109E-04   641
249100  0.14811E-04   642
249200  0.19179E-03   839
249300  0.20139E-03   843
249400  0.21338E-03   847
249500  0.22669E-03   852
249600  0.24178E-03   857
249700  0.25553E-03   860
249800  0.27114E-03   865
249900  0.28845E-03   869
250000  0.30626E-03   872
250100  0.32932E-03   877
250200  0.35096E-03   880
250300  0.37468E-03   883
250400  0.40047E-03   887
250500  0.43144E-03   891
250600  0.45513E-03   892
250700  0.48710E-03   895
250800  0.51951E-03   899
250900  0.55648E-03   902
251000  0.59183E-03   904
251100  0.63341E-03   907
251200  0.11151E-03   672
251300  0.15095E-03   674
251400  0.17009E-03   674
251500  0.17749E-03   675
251600  0.17516E-03   676
251700  0.17568E-03   677
251800  0.20598E-03   678
251900  0.26873E-03   678
252000  0.33950E-03   678
252100  0.40784E-03   679
252200  0.47673E-03   679
252300  0.54837E-03   680
252400  0.60926E-03   680
252500  0.64776E-03   680
252600  0.66507E-03   681
252700  0.67074E-03   681
252800  0.67641E-03   682
252900  0.68376E-03   682
253000  0.69195E-03   682
253100  0.69430E-03   683
253200  0.67582E-03   683
253300  0.63896E-03   684
253400  0.59791E-03   684
253500  0.55348E-03   684
253600  0.49315E-03   685
253700  0.42275E-03   685
253800  0.39793E-03   685
253900  0.45904E-03   686
254000  0.54245E-03   686
254100  0.60374E-03   686
254200  0.64500E-03   686
254300  0.68001E-03   686
254400  0.71714E-03   686
254500  0.75891E-03   686
254600  0.80280E-03   686
254700  0.84254E-03   686
254800  0.87476E-03   686
254900  0.90028E-03   686
255000  0.92289E-03   686
255100  0.94593E-03   686
255200  0.96101E-03   686
255300  0.97652E-03   686
255400  0.98994E-03   686
255500  0.99832E-03   686
255600  0.10059E-02   686
255700  0.10042E-02   686
255800  0.99823E-03   686
255900  0.98640E-03   686
256000  0.96993E-03   686
256100  0.95428E-03   686
256200  0.94073E-03   686
256300  0.92886E-03   686
256400  0.91740E-03   686
256500  0.90594E-03   686
256600  0.89615E-03   686
256700  0.88551E-03   686
256800  0.88078E-03   686
256900  0.87478E-03   686
257000  0.86284E-03   686
257100  0.83736E-03   686
257200  0.80465E-03   686
257300  0.77234E-03   686
257400  0.73958E-03   686
257500  0.70553E-03   686
257600  0.66890E-03   686
257700  0.64752E-03   686
257800  0.65116E-03   686
257900  0.66501E-03   686
258000  0.67546E-03   686
258100  0.68125E-03   686
258200  0.68959E-03   686
258300  0.69751E-03   686
258400  0.70161E-03   686
258500  0.69848E-03   686
258600  0.69151E-03   686
258700  0.68666E-03   686
258800  0.68309E-03   686
258900  0.67782E-03   686
259000  0.67381E-03   686
259100  0.66597E-03   686
259200  0.65385E-03   686
259300  0.64001E-03   686
259400  0.62702E-03   687
259500  0.61273E-03   686
259600  0.60057E-03   686
259700  0.59182E-03   686
259800  0.58520E-03   686
259900  0.58329E-03   686
260000  0.58180E-03   686
260100  0.57860E-03   686
260200  0.57754E-03   687
260300  0.57947E-03   686
260400  0.58313E-03   686
260500  0.59021E-03   686
260600  0.59859E-03   686
260700  0.60998E-03   686
260800  0.62653E-03   686
260900  0.63880E-03   686
261000  0.64421E-03   686
261100  0.63757E-03   686
261200  0.62276E-03   686
261300  0.60407E-03   686
261400  0.58106E-03   686
261500  0.55674E-03   686
261600  0.53154E-03   686
261700  0.50675E-03   686
261800  0.48453E-03   686
261900  0.46531E-03   686
262000  0.44650E-03   686
262100  0.42777E-03   687
262200  0.40125E-03   687
262300  0.36932E-03   686
262400  0.34781E-03   686
262500  0.35317E-03   687
262600  0.37942E-03   686
262700  0.40695E-03   686
262800  0.42710E-03   686
262900  0.44717E-03   686
263000  0.46899E-03   687
263100  0.48780E-03   686
263200  0.49665E-03   686
263300  0.49641E-03   686
263400  0.49616E-03   686
263500  0.49592E-03   686
263600  0.49784E-03   687
263700  0.49977E-03   686
263800  0.49778E-03   686
263900  0.50362E-03   686
264000  0.51033E-03   686
264100  0.52096E-03   687
264200  0.52769E-03   686
264300  0.53398E-03   686
264400  0.53984E-03   687
264500  0.53743E-03   686
264600  0.52718E-03   687
264700  0.50515E-03   686
264800  0.47264E-03   686
264900  0.43343E-03   687
265000  0.39336E-03   687
265100  0.34877E-03   686
265200  0.29729E-03   686
265300  0.23594E-03   687
265400  0.15588E-03   686
265500  0.62559E-03   944
265600  0.62976E-03   944
265700  0.63612E-03   944
265800  0.64336E-03   944
265900  0.65061E-03   944
266000  0.65392E-03   944
266100  0.65767E-03   944
266200  0.66493E-03   944
266300  0.67132E-03   944
266400  0.67508E-03   944
266500  0.68235E-03   944
266600  0.13740E-03   686
266700  0.17394E-03   687
266800  0.18912E-03   687
266900  0.19789E-03   686
267000  0.20610E-03   687
267100  0.21841E-03   687
267200  0.23235E-03   686
267300  0.23683E-03   687
267400  0.22156E-03   686
267500  0.18565E-03   686
267600  0.13593E-03   687
267700  0.65281E-04   686
267800  0.66231E-03   944
267900  0.65947E-03   944
268000  0.66016E-03   944
268100  0.65732E-03   944
268200  0.65447E-03   944
268300  0.64897E-03   944
268400  0.63949E-03   944
268500  0.63310E-03   944
268600  0.62360E-03   944
268700  0.61720E-03   944
268800  0.60858E-03   944
268900  0.92405E-04   687
269000  0.13890E-03   687
269100  0.17188E-03   687
269200  0.19610E-03   687
269300  0.21564E-03   686
269400  0.23421E-03   686
269500  0.25250E-03   686
269600  0.27150E-03   686
269700  0.29096E-03   687
269800  0.30942E-03   686
269900  0.32664E-03   686
270000  0.33948E-03   686
270100  0.34223E-03   686
270200  0.34311E-03   686
270300  0.33928E-03   687
270400  0.33237E-03   686
270500  0.32398E-03   687
270600  0.31466E-03   686
270700  0.30564E-03   686
270800  0.29688E-03   686
270900  0.28789E-03   687
271000  0.27858E-03   686
271100  0.26953E-03   686
271200  0.26021E-03   686
271300  0.25105E-03   686
271400  0.24217E-03   686
271500  0.23309E-03   687
271600  0.22401E-03   687
271700  0.21483E-03   687
271800  0.19723E-03   687
271900  0.17631E-03   686
272000  0.15752E-03   687
272100  0.14068E-03   687
272200  0.12500E-03   687
272300  0.11093E-03   687
272400  0.98990E-04   687
272500  0.89424E-04   686
272600  0.81468E-04   686
272700  0.74538E-04   687
272800  0.67917E-04   686
272900  0.61696E-04   686
273000  0.55785E-04   687
273100  0.50454E-04   687
273200  0.45794E-04   687
273300  0.41401E-04   686
273400  0.37328E-04   687
273500  0.33708E-04   687
273600  0.30152E-04   687
273700  0.26810E-04   686
273800  0.23813E-04   686
273900  0.21138E-04   687
274000  0.18800E-04   687
274100  0.16835E-04   686
274200  0.15039E-04   687
274300  0.13432E-04   687
274400  0.11982E-04   686
274500  0.10640E-04   686
274600  0.94183E-05   687
274700  0.83362E-05   686
274800  0.73121E-05   687
274900  0.64094E-05   687
275000  0.55967E-05   686
275100  0.48785E-05   686
275200  0.42590E-05   686
275300  0.37262E-05   686
275400  0.35107E-05   686
275500  0.34072E-05   686
275600  0.33023E-05   687
275700  0.32249E-05   687
275800  0.31530E-05   686
275900  0.30715E-05   687
276000  0.30067E-05   686
276100  0.29114E-05   687
276200  0.28206E-05   687
276300  0.27315E-05   687
276400  0.26365E-05   687
276500  0.25295E-05   687
276600  0.24302E-05   686
276700  0.23368E-05   687
276800  0.22488E-05   686
276900  0.21611E-05   686
277000  0.20689E-05   687
277100  0.19848E-05   687
277200  0.19859E-05   686
277300  0.21081E-05   687
277400  0.22390E-05   687
277500  0.23810E-05   687
277600  0.25209E-05   687
277700  0.26809E-05   687
277800  0.28470E-05   687
277900  0.30210E-05   687
278000  0.32102E-05   687
278100  0.34174E-05   686
278200  0.36165E-05   687
278300  0.38414E-05   687
278400  0.40899E-05   687
278500  0.43422E-05   686
278600  0.46149E-05   687
278700  0.49332E-05   687
278800  0.52701E-05   687
278900  0.56669E-05   686
279000  0.60273E-05   687
279100  0.64798E-05   687
279200  0.69694E-05   687
279300  0.74916E-05   687
279400  0.80095E-05   687
279500  0.85785E-05   686
279600  0.91570E-05   686
279700  0.97452E-05   687
279800  0.10449E-04   686
279900  0.11153E-04   687
280000  0.11817E-04   687
280500  0.12965E-04   703
281000  0.16828E-04   703
281500  0.19801E-04   703
282000  0.23305E-04   703
282500  0.27468E-04   703
283000  0.30405E-04   703
283500  0.31234E-04   703
284000  0.31902E-04   703
284500  0.36544E-04   703
285000  0.39485E-04   703
285500  0.40560E-04   703
