# Relative Spectral Response per erg (Equal-Energy); Jarrett et al. 2011
#  W4     RSR     uncertainty (parts per thousand)
 25300  0.27593E-16   348
 25400  0.60206E-16   349
 25500  0.73230E-13   370
 25600  0.39856E-13   370
 25700  0.30518E-14   371
 25800  0.12528E-32  1000
 25900  0.58995E-42  1000
 26000  0.22768E-30   707
 26100  0.12592E-30  1000
 26200  0.12959E-30  1000
 26300  0.89289E-29   707
 26400  0.73471E-31   707
 26500  0.11143E-28   707
 26600  0.93083E-36   707
 26700  0.98091E-15   343
 26800  0.13385E-14   342
 26900  0.50230E-14   341
 27000  0.50542E-14   342
 27100  0.36992E-14   341
 27200  0.82687E-14   341
 27300  0.44004E-13   339
 27400  0.30408E-14   339
 27500  0.59658E-15   338
 27600  0.21427E-24   707
 27700  0.21962E-15   338
 27800  0.43052E-14   336
 27900  0.35064E-15   337
 28000  0.49842E-15   336
 28100  0.89274E-16   337
 28200  0.25116E-14   337
 28300  0.26409E-14   335
 28400  0.20465E-13   335
 28500  0.77274E-14   334
 28600  0.25308E-28   707
 28700  0.16971E-28   707
 28800  0.30674E-31   707
 28900  0.10082E-14   332
 29000  0.50899E-14   332
 29100  0.37311E-13   332
 29200  0.51614E-15   332
 29300  0.33602E-13   330
 29400  0.29335E-13   330
 29500  0.45850E-13   330
 29600  0.53151E-14   330
 29700  0.36184E-14   330
 29800  0.32681E-15   329
 29900  0.33857E-14   328
 30000  0.21454E-13   328
 30100  0.49314E-14   327
 30200  0.11965E-12   327
 30300  0.55163E-13   326
 30400  0.60931E-14   326
 30500  0.29868E-13   325
 30600  0.21864E-33   707
 30700  0.37288E-26   707
 30800  0.11953E-24   707
 30900  0.82337E-25  1000
 31000  0.36773E-29  1000
 31100  0.21660E-27  1000
 31200  0.54858E-29  1000
 31300  0.26469E-36   707
 31400  0.54720E-30   707
 31500  0.40884E-15   321
 31600  0.72884E-14   321
 31700  0.17886E-13   321
 31800  0.19621E-13   320
 31900  0.15818E-14   319
 32000  0.24170E-14   319
 32100  0.31579E-15   318
 32200  0.75621E-13   336
 32300  0.56892E-14   319
 32400  0.71550E-13   335
 32500  0.16232E-12   335
 32600  0.97630E-14   316
 32700  0.36509E-13   316
 32800  0.54402E-14   317
 32900  0.84182E-14   317
 33000  0.14107E-12   332
 33100  0.44760E-14   315
 33200  0.68611E-13   333
 33300  0.39813E-29   707
 33400  0.56801E-34   707
 33500  0.11394E-31   707
 33600  0.98689E-40  1000
 33700  0.14092E-28   707
 33800  0.54218E-36  1000
 33900  0.21281E-37  1000
 34000  0.16600E-34  1000
 34100  0.50318E-32   707
 34200  0.17875E-33   707
 34300  0.53417E-30   707
 34400  0.52298E-15   311
 34500  0.16446E-14   311
 34600  0.47607E-15   310
 34700  0.31019E-15   310
 34800  0.29792E-26   707
 34900  0.12289E-32   707
 35000  0.16505E-27   707
 35100  0.29584E-26   707
 35200  0.91657E-29   707
 35300  0.43985E-23   707
 35400  0.83633E-30   707
 35500  0.30203E-25   707
 35600  0.70910E-32   707
 35700  0.75279E-15   305
 35800  0.21554E-13   305
 35900  0.20127E-14   304
 36000  0.10877E-12   304
 36100  0.18946E-13   303
 36200  0.47091E-13   303
 36300  0.24880E-13   302
 36400  0.16224E-13   302
 36500  0.64176E-13   301
 36600  0.20309E-13   300
 36700  0.38825E-13   300
 36800  0.20466E-12   299
 36900  0.37796E-13   299
 37000  0.21914E-14   298
 37100  0.12682E-13   298
 37200  0.46828E-14   298
 37300  0.21139E-13   296
 37400  0.11672E-13   297
 37500  0.46604E-14   297
 37600  0.41072E-14   296
 37700  0.21207E-13   295
 37800  0.74174E-14   296
 37900  0.24064E-13   294
 38000  0.16103E-12   294
 38100  0.58297E-13   294
 38200  0.51370E-13   292
 38300  0.26811E-14   293
 38400  0.62254E-13   292
 38500  0.14090E-12   292
 38600  0.25843E-13   291
 38700  0.58715E-13   290
 38800  0.13366E-12   290
 38900  0.46551E-13   290
 39000  0.91470E-13   290
 39100  0.38356E-13   289
 39200  0.51940E-13   288
 39300  0.49208E-13   288
 39400  0.14315E-12   287
 39500  0.41037E-13   287
 39600  0.70490E-13   286
 39700  0.52528E-13   286
 39800  0.28022E-13   286
 39900  0.76430E-13   286
 40000  0.14670E-25   707
 40100  0.30294E-32   707
 40200  0.42146E-30   707
 40300  0.98347E-36   707
 40400  0.11759E-24  1000
 40500  0.66983E-36   707
 40600  0.20657E-24   707
 40700  0.74794E-30  1000
 40800  0.10643E-32   707
 40900  0.40880E-29   707
 41000  0.60346E-29   707
 41100  0.53401E-31   707
 41200  0.20455E-12   294
 41300  0.14928E-13   281
 41400  0.35100E-12   292
 41500  0.88802E-14   280
 41600  0.21140E-12   280
 41700  0.49557E-12   291
 41800  0.92959E-12   290
 41900  0.90702E-12   290
 42000  0.19780E-13   278
 42100  0.21361E-13   278
 42200  0.35417E-12   289
 42300  0.79513E-30   707
 42400  0.12328E-32   707
 42500  0.10736E-27  1000
 42600  0.41232E-27   707
 42700  0.18580E-25   707
 42800  0.97783E-30   707
 42900  0.92666E-27   707
 43000  0.13628E-27  1000
 43100  0.39615E-24   707
 43200  0.80733E-27   707
 43300  0.14512E-35   707
 43400  0.95571E-36  1000
 43500  0.54508E-13   285
 43600  0.12372E-12   284
 43700  0.34457E-12   283
 43800  0.23690E-13   272
 43900  0.20955E-12   282
 44000  0.26971E-12   282
 44100  0.81522E-13   270
 44200  0.71176E-12   282
 44300  0.36531E-13   271
 44400  0.19824E-12   270
 44500  0.26356E-12   271
 44600  0.11509E-12   270
 44700  0.76923E-13   269
 44800  0.22905E-13   268
 44900  0.43689E-13   268
 45000  0.36211E-13   268
 45100  0.20966E-13   267
 45200  0.45192E-14   267
 45300  0.28664E-28   707
 45400  0.82229E-32   707
 45500  0.12209E-14   267
 45600  0.38824E-13   266
 45700  0.13885E-12   266
 45800  0.15849E-12   266
 45900  0.15490E-12   266
 46000  0.33541E-12   265
 46100  0.30505E-12   265
 46200  0.94686E-12   264
 46300  0.32202E-12   265
 46400  0.87581E-12   264
 46500  0.66117E-13   263
 46600  0.68073E-14   263
 46700  0.69470E-13   262
 46800  0.37710E-12   262
 46900  0.29698E-12   261
 47000  0.37989E-12   261
 47100  0.29810E-12   261
 47200  0.12562E-12   262
 47300  0.13827E-12   261
 47400  0.37507E-13   261
 47500  0.51693E-13   260
 47600  0.23433E-11   268
 47700  0.34305E-13   260
 47800  0.51484E-13   258
 47900  0.62692E-13   258
 48000  0.54308E-13   258
 48100  0.38765E-13   258
 48200  0.12866E-12   258
 48300  0.39212E-12   266
 48400  0.16666E-13   257
 48500  0.29608E-11   266
 48600  0.26574E-11   266
 48700  0.24907E-11   265
 48800  0.38045E-11   265
 48900  0.29213E-12   255
 49000  0.50113E-13   255
 49100  0.80289E-13   254
 49200  0.74867E-13   255
 49300  0.34980E-12   254
 49400  0.21403E-12   253
 49500  0.58202E-11   261
 49600  0.57926E-12   253
 49700  0.15612E-10   261
 49800  0.94929E-11   260
 49900  0.52984E-11   261
 50000  0.10497E-10   259
 50100  0.33784E-08    76
 50200  0.24157E-08    73
 50300  0.42998E-08    71
 50400  0.42165E-08    71
 50500  0.65686E-08    71
 50600  0.81481E-08    71
 50700  0.76187E-08    71
 50800  0.95332E-08    72
 50900  0.10131E-07    72
 51000  0.14074E-07    72
 51100  0.14643E-07    71
 51200  0.14823E-07    71
 51300  0.16314E-07    71
 51400  0.12984E-07    71
 51500  0.16450E-07    71
 51600  0.15670E-07    71
 51700  0.11506E-07    70
 51800  0.11326E-07    70
 51900  0.15317E-07    70
 52000  0.14391E-07    70
 52100  0.14394E-07    70
 52200  0.97471E-08    70
 52300  0.12136E-07    70
 52400  0.88297E-08    70
 52500  0.83805E-08    69
 52600  0.85276E-08    69
 52700  0.74391E-08    70
 52800  0.79252E-08    70
 52900  0.44059E-08    70
 53000  0.44836E-08    70
 53100  0.21799E-08    70
 53200  0.30547E-08    70
 53300  0.43687E-08    69
 53400  0.58364E-08    69
 53500  0.71579E-08    69
 53600  0.59826E-08    69
 53700  0.10052E-07    69
 53800  0.89148E-08    69
 53900  0.10795E-07    69
 54000  0.14927E-07    70
 54100  0.16741E-07    69
 54200  0.18215E-07    69
 54300  0.18951E-07    69
 54400  0.23366E-07    70
 54500  0.23222E-07    70
 54600  0.26377E-07    70
 54700  0.31025E-07    70
 54800  0.33472E-07    70
 54900  0.33233E-07    70
 55000  0.34382E-07    71
 55100  0.33964E-07    70
 55200  0.35349E-07    71
 55300  0.35973E-07    71
 55400  0.36228E-07    71
 55500  0.35628E-07    71
 55600  0.34203E-07    71
 55700  0.33978E-07    71
 55800  0.32735E-07    72
 55900  0.30992E-07    72
 56000  0.27794E-07    73
 56100  0.24611E-07    74
 56200  0.21242E-07    75
 56300  0.18351E-07    77
 56400  0.17321E-07    79
 56500  0.18777E-07    78
 56600  0.19621E-07    78
 56700  0.20442E-07    77
 56800  0.20938E-07    76
 56900  0.28941E-07    75
 57000  0.41642E-07    74
 57100  0.54164E-07    74
 57200  0.67755E-07    73
 57300  0.84516E-07    72
 57400  0.99494E-07    71
 57500  0.12617E-06    72
 57600  0.14299E-06    71
 57700  0.16894E-06    71
 57800  0.19065E-06    71
 57900  0.20270E-06    71
 58000  0.22121E-06    71
 58100  0.24819E-06    71
 58200  0.26775E-06    71
 58300  0.28319E-06    71
 58400  0.28558E-06    71
 58500  0.30056E-06    71
 58600  0.30016E-06    71
 58700  0.29802E-06    71
 58800  0.30503E-06    71
 58900  0.32765E-06    71
 59000  0.31489E-06    71
 59100  0.30327E-06    72
 59200  0.28848E-06    72
 59300  0.28139E-06    72
 59400  0.26975E-06    72
 59500  0.26159E-06    72
 59600  0.24690E-06    72
 59700  0.22676E-06    72
 59800  0.20740E-06    72
 59900  0.18937E-06    72
 60000  0.18034E-06    71
 60100  0.16361E-06    72
 60200  0.14700E-06    71
 60300  0.13110E-06    71
 60400  0.11335E-06    71
 60500  0.97047E-07    71
 60600  0.78964E-07    71
 60700  0.70596E-07    71
 60800  0.60903E-07    71
 60900  0.49897E-07    72
 61000  0.40669E-07    72
 61100  0.31744E-07    72
 61200  0.30108E-07    72
 61300  0.33671E-07    73
 61400  0.39473E-07    74
 61500  0.47668E-07    76
 61600  0.57262E-07    80
 61700  0.69290E-07    86
 61800  0.10279E-06   102
 61900  0.15010E-06   127
 62000  0.22044E-06   159
 62100  0.33104E-06   214
 62200  0.70539E-06   261
 62300  0.61057E-06   310
 62400  0.79619E-06   291
 62500  0.10697E-05   279
 62600  0.92587E-06   304
 62700  0.19910E-05   321
 62800  0.17438E-05   357
 62900  0.96381E-06   443
 63000  0.73242E-06   544
 63100  0.25520E-06    75
 63200  0.25207E-06    75
 63300  0.23028E-06    75
 63400  0.22137E-06    75
 63500  0.19670E-06    75
 63600  0.17244E-06    75
 63700  0.14375E-06    75
 63800  0.11794E-06    75
 63900  0.10170E-06    76
 64000  0.80076E-07    76
 64100  0.66225E-07    76
 64200  0.56990E-07    77
 64300  0.57870E-07    77
 64400  0.71610E-07    77
 64500  0.93287E-07    76
 64600  0.11851E-06    76
 64700  0.13643E-06    77
 64800  0.16207E-06    77
 64900  0.18880E-06    77
 65000  0.22665E-06    77
 65100  0.25478E-06    77
 65200  0.29050E-06    77
 65300  0.32532E-06    78
 65400  0.36381E-06    78
 65500  0.40650E-06    78
 65600  0.42019E-06    79
 65700  0.45880E-06    80
 65800  0.49966E-06    80
 65900  0.57832E-06    80
 66000  0.64755E-06    81
 66100  0.71462E-06    81
 66200  0.75075E-06    81
 66300  0.86484E-06    82
 66400  0.93998E-06    81
 66500  0.10289E-05    81
 66600  0.11015E-05    82
 66700  0.11759E-05    82
 66800  0.12505E-05    81
 66900  0.12377E-05    81
 67000  0.12479E-05    81
 67100  0.12634E-05    81
 67200  0.12171E-05    82
 67300  0.11435E-05    82
 67400  0.10549E-05    82
 67500  0.89416E-06    83
 67600  0.77021E-06    83
 67700  0.69396E-06    83
 67800  0.57282E-06    83
 67900  0.54955E-06    84
 68000  0.59770E-06    84
 68100  0.72245E-06    83
 68200  0.85755E-06    83
 68300  0.10076E-05    83
 68400  0.11121E-05    83
 68500  0.12801E-05    83
 68600  0.14497E-05    83
 68700  0.16123E-05    83
 68800  0.18011E-05    83
 68900  0.20473E-05    82
 69000  0.23888E-05    82
 69100  0.25816E-05    82
 69200  0.28171E-05    82
 69300  0.31169E-05    81
 69400  0.31538E-05    81
 69500  0.32904E-05    81
 69600  0.33775E-05    81
 69700  0.34486E-05    80
 69800  0.36068E-05    80
 69900  0.34944E-05    80
 70000  0.35223E-05    80
 70100  0.36528E-05    80
 70200  0.36384E-05    80
 70300  0.35549E-05    80
 70400  0.34339E-05    80
 70500  0.32049E-05    80
 70600  0.30709E-05    79
 70700  0.30730E-05    79
 70800  0.28679E-05    79
 70900  0.28830E-05    79
 71000  0.27842E-05    78
 71100  0.26276E-05    78
 71200  0.26146E-05    78
 71300  0.24173E-05    78
 71400  0.22984E-05    78
 71500  0.21658E-05    78
 71600  0.20718E-05    78
 71700  0.18737E-05    78
 71800  0.17880E-05    78
 71900  0.16225E-05    78
 72000  0.15194E-05    78
 72100  0.13946E-05    77
 72200  0.12458E-05    78
 72300  0.11789E-05    77
 72400  0.10496E-05    77
 72500  0.99303E-06    77
 72600  0.90225E-06    76
 72700  0.80873E-06    76
 72800  0.74748E-06    76
 72900  0.67381E-06    76
 73000  0.61266E-06    76
 73100  0.55407E-06    75
 73200  0.49555E-06    75
 73300  0.43242E-06    75
 73400  0.36785E-06    75
 73500  0.30116E-06    75
 73600  0.24128E-06    75
 73700  0.18364E-06    75
 73800  0.13102E-06    74
 73900  0.12855E-06    74
 74000  0.15500E-06    74
 74100  0.19664E-06    73
 74200  0.24706E-06    74
 74300  0.31369E-06    73
 74400  0.36348E-06    74
 74500  0.41432E-06    74
 74600  0.43857E-06    74
 74700  0.45813E-06    74
 74800  0.45478E-06    74
 74900  0.46600E-06    73
 75000  0.45039E-06    73
 75100  0.42128E-06    74
 75200  0.41025E-06    73
 75300  0.37948E-06    73
 75400  0.34969E-06    73
 75500  0.31641E-06    73
 75600  0.27397E-06    73
 75700  0.24486E-06    73
 75800  0.20458E-06    73
 75900  0.17920E-06    73
 76000  0.14250E-06    73
 76100  0.12859E-06    72
 76200  0.10734E-06    73
 76300  0.99244E-07    73
 76400  0.98339E-07    73
 76500  0.98622E-07    73
 76600  0.97093E-07    73
 76700  0.99346E-07    73
 76800  0.10829E-06    73
 76900  0.11317E-06    73
 77000  0.12040E-06    73
 77100  0.12247E-06    73
 77200  0.13045E-06    73
 77300  0.14241E-06    73
 77400  0.14826E-06    73
 77500  0.15775E-06    73
 77600  0.17173E-06    73
 77700  0.17655E-06    73
 77800  0.19132E-06    72
 77900  0.19908E-06    72
 78000  0.20165E-06    73
 78100  0.21005E-06    73
 78200  0.22457E-06    73
 78300  0.23583E-06    73
 78400  0.23333E-06    73
 78500  0.23729E-06    73
 78600  0.25008E-06    73
 78700  0.24550E-06    73
 78800  0.25820E-06    73
 78900  0.26652E-06    73
 79000  0.26673E-06    74
 79100  0.27853E-06    74
 79200  0.29060E-06    74
 79300  0.30405E-06    74
 79400  0.32805E-06    75
 79500  0.34258E-06    74
 79600  0.34785E-06    75
 79700  0.38056E-06    75
 79800  0.38489E-06    75
 79900  0.40266E-06    75
 80000  0.42086E-06    76
 80100  0.42326E-06    76
 80200  0.42453E-06    76
 80300  0.43407E-06    76
 80400  0.41658E-06    76
 80500  0.41634E-06    75
 80600  0.39464E-06    75
 80700  0.38433E-06    75
 80800  0.37033E-06    76
 80900  0.34937E-06    76
 81000  0.34980E-06    76
 81100  0.34518E-06    76
 81200  0.32752E-06    77
 81300  0.32590E-06    77
 81400  0.34633E-06    77
 81500  0.33508E-06    78
 81600  0.34718E-06    79
 81700  0.36402E-06    79
 81800  0.38511E-06    80
 81900  0.41160E-06    81
 82000  0.44211E-06    83
 82100  0.48446E-06    85
 82200  0.54227E-06    88
 82300  0.61586E-06    91
 82400  0.74224E-06    97
 82500  0.82768E-06   105
 82600  0.97520E-06   114
 82700  0.12125E-05   125
 82800  0.13024E-05   138
 82900  0.15480E-05   163
 83000  0.18937E-05   194
 83100  0.12667E-06    87
 83200  0.10568E-06    86
 83300  0.99800E-07    83
 83400  0.87645E-07    82
 83500  0.85696E-07    82
 83600  0.87335E-07    82
 83700  0.82004E-07    82
 83800  0.80640E-07    82
 83900  0.82056E-07    82
 84000  0.78124E-07    81
 84100  0.71223E-07    81
 84200  0.67597E-07    80
 84300  0.63503E-07    80
 84400  0.62198E-07    79
 84500  0.59271E-07    78
 84600  0.54427E-07    78
 84700  0.52196E-07    78
 84800  0.51267E-07    78
 84900  0.50600E-07    78
 85000  0.50078E-07    78
 85100  0.50335E-07    78
 85200  0.52186E-07    78
 85300  0.51038E-07    78
 85400  0.54064E-07    78
 85500  0.53222E-07    78
 85600  0.56003E-07    78
 85700  0.55215E-07    78
 85800  0.56108E-07    79
 85900  0.57270E-07    79
 86000  0.58314E-07    79
 86100  0.59508E-07    79
 86200  0.62383E-07    79
 86300  0.63316E-07    79
 86400  0.64008E-07    79
 86500  0.63382E-07    79
 86600  0.65626E-07    79
 86700  0.67241E-07    79
 86800  0.68671E-07    79
 86900  0.70198E-07    80
 87000  0.71444E-07    79
 87100  0.72082E-07    80
 87200  0.73319E-07    79
 87300  0.74246E-07    79
 87400  0.72085E-07    80
 87500  0.74021E-07    79
 87600  0.74883E-07    79
 87700  0.74204E-07    80
 87800  0.75943E-07    79
 87900  0.77768E-07    79
 88000  0.80255E-07    80
 88100  0.84805E-07    79
 88200  0.87319E-07    80
 88300  0.87734E-07    80
 88400  0.89403E-07    80
 88500  0.93832E-07    79
 88600  0.93979E-07    79
 88700  0.96627E-07    79
 88800  0.99419E-07    79
 88900  0.10292E-06    79
 89000  0.10975E-06    79
 89100  0.11272E-06    79
 89200  0.11827E-06    79
 89300  0.12244E-06    79
 89400  0.12557E-06    79
 89500  0.13088E-06    79
 89600  0.13415E-06    79
 89700  0.13827E-06    79
 89800  0.14125E-06    79
 89900  0.14267E-06    79
 90000  0.14072E-06    79
 90100  0.14635E-06    79
 90200  0.15171E-06    78
 90300  0.15300E-06    79
 90400  0.15163E-06    79
 90500  0.15644E-06    78
 90600  0.15887E-06    79
 90700  0.16117E-06    78
 90800  0.16248E-06    78
 90900  0.16393E-06    78
 91000  0.16468E-06    79
 91100  0.16429E-06    78
 91200  0.16348E-06    78
 91300  0.16522E-06    78
 91400  0.16056E-06    78
 91500  0.15960E-06    78
 91600  0.16006E-06    78
 91700  0.15909E-06    78
 91800  0.15969E-06    78
 91900  0.15672E-06    78
 92000  0.15202E-06    77
 92100  0.14372E-06    77
 92200  0.14232E-06    77
 92300  0.13667E-06    77
 92400  0.12695E-06    77
 92500  0.12124E-06    76
 92600  0.11762E-06    76
 92700  0.11443E-06    76
 92800  0.10803E-06    76
 92900  0.10576E-06    76
 93000  0.10454E-06    75
 93100  0.10200E-06    75
 93200  0.99512E-07    75
 93300  0.95870E-07    75
 93400  0.96002E-07    75
 93500  0.94852E-07    75
 93600  0.92213E-07    75
 93700  0.90327E-07    75
 93800  0.89416E-07    74
 93900  0.88560E-07    74
 94000  0.87703E-07    74
 94100  0.86873E-07    74
 94200  0.86085E-07    74
 94300  0.85310E-07    74
 94400  0.84666E-07    73
 94500  0.84108E-07    73
 94600  0.82989E-07    73
 94700  0.82191E-07    73
 94800  0.81038E-07    73
 94900  0.80119E-07    73
 95000  0.78901E-07    72
 95100  0.78170E-07    72
 95200  0.77273E-07    72
 95300  0.76197E-07    72
 95400  0.75712E-07    72
 95500  0.75107E-07    72
 95600  0.74665E-07    71
 95700  0.73104E-07    71
 95800  0.74702E-07    71
 95900  0.74377E-07    71
 96000  0.72959E-07    71
 96100  0.72631E-07    70
 96200  0.72197E-07    70
 96300  0.71927E-07    70
 96400  0.72302E-07    70
 96500  0.71836E-07    70
 96600  0.73250E-07    70
 96700  0.73822E-07    69
 96800  0.73748E-07    69
 96900  0.72692E-07    69
 97000  0.72314E-07    69
 97100  0.73009E-07    69
 97200  0.72100E-07    69
 97300  0.71129E-07    69
 97400  0.70716E-07    68
 97500  0.70470E-07    68
 97600  0.71485E-07    68
 97700  0.71664E-07    68
 97800  0.71205E-07    68
 97900  0.71277E-07    68
 98000  0.71442E-07    67
 98100  0.71286E-07    67
 98200  0.71221E-07    67
 98300  0.71140E-07    67
 98400  0.71504E-07    67
 98500  0.71806E-07    66
 98600  0.71726E-07    66
 98700  0.70938E-07    66
 98800  0.70902E-07    66
 98900  0.71436E-07    66
 99000  0.71076E-07    66
 99100  0.70577E-07    65
 99200  0.71915E-07    65
 99300  0.71848E-07    65
 99400  0.71905E-07    65
 99500  0.71854E-07    65
 99600  0.72298E-07    64
 99700  0.72495E-07    64
 99800  0.72490E-07    64
 99900  0.72080E-07    64
100000  0.72246E-07    64
100100  0.72443E-07    64
100200  0.72812E-07    64
100300  0.73056E-07    64
100400  0.73457E-07    63
100500  0.73875E-07    63
100600  0.73823E-07    63
100700  0.73896E-07    63
100800  0.73766E-07    63
100900  0.72456E-07    63
101000  0.73865E-07    62
101100  0.73198E-07    62
101200  0.72971E-07    62
101300  0.72649E-07    62
101400  0.72389E-07    62
101500  0.72270E-07    62
101600  0.71788E-07    62
101700  0.71415E-07    62
101800  0.71200E-07    62
101900  0.71127E-07    61
102000  0.70831E-07    61
102100  0.70726E-07    61
102200  0.70461E-07    61
102300  0.70705E-07    61
102400  0.70073E-07    61
102500  0.69949E-07    61
102600  0.70018E-07    61
102700  0.69334E-07    61
102800  0.69130E-07    61
102900  0.68892E-07    61
103000  0.69296E-07    61
103100  0.69829E-07    60
103200  0.70218E-07    60
103300  0.70592E-07    60
103400  0.70982E-07    60
103500  0.71373E-07    60
103600  0.72685E-07    60
103700  0.73562E-07    60
103800  0.73423E-07    60
103900  0.73073E-07    60
104000  0.72317E-07    60
104100  0.72046E-07    60
104200  0.72278E-07    60
104300  0.72087E-07    60
104400  0.71750E-07    60
104500  0.71510E-07    59
104600  0.71741E-07    59
104700  0.71809E-07    60
104800  0.70572E-07    60
104900  0.71653E-07    59
105000  0.72506E-07    59
105100  0.72739E-07    59
105200  0.73168E-07    59
105300  0.74025E-07    59
105400  0.74588E-07    59
105500  0.75053E-07    59
105600  0.74565E-07    59
105700  0.74141E-07    59
105800  0.74245E-07    59
105900  0.74183E-07    59
106000  0.73972E-07    59
106100  0.73926E-07    59
106200  0.73715E-07    59
106300  0.73470E-07    59
106400  0.74102E-07    59
106500  0.73658E-07    59
106600  0.73196E-07    59
106700  0.72865E-07    59
106800  0.72701E-07    58
106900  0.72319E-07    58
107000  0.72071E-07    58
107100  0.71738E-07    58
107200  0.71337E-07    58
107300  0.71303E-07    58
107400  0.71387E-07    58
107500  0.71470E-07    58
107600  0.70866E-07    58
107700  0.70378E-07    58
107800  0.71048E-07    58
107900  0.71114E-07    58
108000  0.70978E-07    58
108100  0.70741E-07    58
108200  0.70638E-07    58
108300  0.69893E-07    58
108400  0.70127E-07    58
108500  0.70648E-07    58
108600  0.71102E-07    58
108700  0.71235E-07    58
108800  0.71114E-07    58
108900  0.71230E-07    58
109000  0.71432E-07    58
109100  0.72669E-07    58
109200  0.73229E-07    58
109300  0.73603E-07    58
109400  0.74317E-07    58
109500  0.75238E-07    58
109600  0.76058E-07    58
109700  0.76930E-07    58
109800  0.77889E-07    58
109900  0.79158E-07    58
110000  0.81029E-07    58
110100  0.83143E-07    58
110200  0.85278E-07    58
110300  0.87400E-07    58
110400  0.91072E-07    58
110500  0.95560E-07    59
110600  0.10037E-06    59
110700  0.10599E-06    59
110800  0.11218E-06    59
110900  0.12026E-06    59
111000  0.12932E-06    60
111100  0.82307E-07    99
111200  0.74501E-07    89
111300  0.66699E-07    80
111400  0.57286E-07    77
111500  0.51260E-07    73
111600  0.45918E-07    69
111700  0.41349E-07    67
111800  0.36773E-07    65
111900  0.33041E-07    64
112000  0.30524E-07    62
112100  0.28177E-07    61
112200  0.26088E-07    60
112300  0.24345E-07    60
112400  0.23124E-07    59
112500  0.21778E-07    59
112600  0.20657E-07    59
112700  0.19359E-07    59
112800  0.18709E-07    59
112900  0.18550E-07    58
113000  0.18073E-07    58
113100  0.17667E-07    58
113200  0.16989E-07    58
113300  0.16895E-07    58
113400  0.16857E-07    58
113500  0.17020E-07    58
113600  0.17106E-07    58
113700  0.17091E-07    58
113800  0.16881E-07    58
113900  0.17259E-07    58
114000  0.17596E-07    58
114100  0.17750E-07    59
114200  0.18087E-07    58
114300  0.18263E-07    59
114400  0.18600E-07    58
114500  0.18759E-07    59
114600  0.19168E-07    58
114700  0.19596E-07    58
114800  0.19791E-07    58
114900  0.19988E-07    59
115000  0.20345E-07    59
115100  0.20811E-07    59
115200  0.21206E-07    59
115300  0.21548E-07    59
115400  0.21728E-07    59
115500  0.22125E-07    59
115600  0.22342E-07    59
115700  0.22541E-07    59
115800  0.23102E-07    59
115900  0.23429E-07    59
116000  0.23774E-07    59
116100  0.24138E-07    59
116200  0.24575E-07    59
116300  0.25103E-07    59
116400  0.25379E-07    59
116500  0.25963E-07    59
116600  0.26657E-07    59
116700  0.27152E-07    59
116800  0.27758E-07    59
116900  0.28291E-07    59
117000  0.28917E-07    59
117100  0.29616E-07    59
117200  0.30335E-07    59
117300  0.30927E-07    59
117400  0.31356E-07    59
117500  0.32078E-07    59
117600  0.32746E-07    59
117700  0.33141E-07    59
117800  0.33719E-07    59
117900  0.34464E-07    59
118000  0.35192E-07    59
118100  0.36251E-07    59
118200  0.36890E-07    60
118300  0.37731E-07    59
118400  0.38538E-07    59
118500  0.39290E-07    60
118600  0.39933E-07    59
118700  0.40336E-07    60
118800  0.41517E-07    60
118900  0.42756E-07    60
119000  0.43459E-07    60
119100  0.44107E-07    60
119200  0.44906E-07    60
119300  0.45389E-07    60
119400  0.45297E-07    60
119500  0.45912E-07    60
119600  0.46546E-07    60
119700  0.47163E-07    60
119800  0.47613E-07    60
119900  0.48250E-07    60
120000  0.48720E-07    60
120100  0.49958E-07    60
120200  0.50299E-07    60
120300  0.50341E-07    60
120400  0.49295E-07    60
120500  0.49580E-07    60
120600  0.49678E-07    60
120700  0.49963E-07    60
120800  0.50230E-07    60
120900  0.50479E-07    60
121000  0.50690E-07    60
121100  0.50883E-07    60
121200  0.50887E-07    60
121300  0.51099E-07    60
121400  0.51312E-07    60
121500  0.51543E-07    60
121600  0.51775E-07    60
121700  0.53353E-07    60
121800  0.53738E-07    60
121900  0.53649E-07    60
122000  0.52743E-07    60
122100  0.53186E-07    60
122200  0.53401E-07    60
122300  0.54492E-07    60
122400  0.54765E-07    60
122500  0.54696E-07    60
122600  0.54549E-07    60
122700  0.54364E-07    61
122800  0.54064E-07    60
122900  0.53553E-07    61
123000  0.52333E-07    61
123100  0.51973E-07    61
123200  0.51804E-07    61
123300  0.51462E-07    61
123400  0.52234E-07    61
123500  0.51988E-07    60
123600  0.51298E-07    60
123700  0.49529E-07    61
123800  0.49029E-07    61
123900  0.48509E-07    61
124000  0.47988E-07    61
124100  0.48124E-07    61
124200  0.47892E-07    60
124300  0.47311E-07    60
124400  0.46303E-07    61
124500  0.45467E-07    61
124600  0.44941E-07    61
124700  0.44977E-07    60
124800  0.44469E-07    61
124900  0.43785E-07    61
125000  0.43197E-07    61
125100  0.42297E-07    61
125200  0.40693E-07    61
125300  0.40101E-07    61
125400  0.39527E-07    61
125500  0.39598E-07    60
125600  0.39062E-07    60
125700  0.38447E-07    60
125800  0.37812E-07    60
125900  0.37116E-07    60
126000  0.36223E-07    61
126100  0.35702E-07    60
126200  0.35397E-07    60
126300  0.34933E-07    60
126400  0.34390E-07    60
126500  0.33806E-07    60
126600  0.33143E-07    60
126700  0.31886E-07    60
126800  0.31319E-07    60
126900  0.30751E-07    60
127000  0.29984E-07    60
127100  0.29632E-07    60
127200  0.29437E-07    60
127300  0.29460E-07    60
127400  0.29285E-07    60
127500  0.29109E-07    60
127600  0.29132E-07    60
127700  0.28956E-07    60
127800  0.29576E-07    60
127900  0.30177E-07    60
128000  0.30998E-07    60
128100  0.31800E-07    60
128200  0.32803E-07    60
128300  0.33808E-07    60
128400  0.35814E-07    60
128500  0.38503E-07    60
128600  0.41758E-07    60
128700  0.45458E-07    60
128800  0.49706E-07    60
128900  0.54763E-07    61
129000  0.60792E-07    61
129100  0.66408E-07    62
129200  0.72798E-07    62
129300  0.80687E-07    63
129400  0.90443E-07    64
129500  0.10277E-06    65
129600  0.11991E-06    67
129700  0.13713E-06    69
129800  0.15359E-06    73
129900  0.17372E-06    78
130000  0.19871E-06    83
130100  0.23280E-06    88
130200  0.27739E-06    94
130300  0.33787E-06   101
130400  0.36960E-06   116
130500  0.40444E-06   132
130600  0.44624E-06   149
130700  0.49564E-06   165
130800  0.55896E-06   183
130900  0.64664E-06   199
131000  0.59776E-06   211
131100  0.70173E-06   234
131200  0.69532E-06   253
131300  0.69217E-06   269
131400  0.68390E-06   286
131500  0.67336E-06   303
131600  0.66034E-06   320
131700  0.63521E-06   331
131800  0.60736E-06   341
131900  0.58112E-06   350
132000  0.39429E-06   339
132100  0.10420E-05    88
132200  0.10488E-05    88
132300  0.10588E-05    88
132400  0.10638E-05    88
132500  0.10689E-05    88
132600  0.10732E-05    87
132700  0.10740E-05    87
132800  0.10732E-05    87
132900  0.10748E-05    87
133000  0.10756E-05    87
133100  0.10768E-05    87
133200  0.10768E-05    86
133300  0.10747E-05    86
133400  0.10697E-05    86
133500  0.10337E-05    86
133600  0.10942E-05    86
133700  0.10929E-05    86
133800  0.10540E-05    85
133900  0.10616E-05    85
134000  0.10559E-05    85
134100  0.10828E-05    85
134200  0.10824E-05    85
134300  0.10794E-05    85
134400  0.10398E-05    84
134500  0.10471E-05    84
134600  0.10856E-05    84
134700  0.10868E-05    84
134800  0.10908E-05    84
134900  0.10922E-05    84
135000  0.10943E-05    84
135100  0.11004E-05    83
135200  0.11046E-05    83
135300  0.11109E-05    83
135400  0.11153E-05    83
135500  0.11220E-05    83
135600  0.11290E-05    82
135700  0.11336E-05    83
135800  0.11050E-05    82
135900  0.11219E-05    82
136000  0.11259E-05    81
136100  0.11229E-05    81
136200  0.11503E-05    81
136300  0.11528E-05    81
136400  0.11530E-05    81
136500  0.11241E-05    80
136600  0.11322E-05    80
136700  0.11353E-05    80
136800  0.11368E-05    80
136900  0.11372E-05    80
137000  0.11366E-05    79
137100  0.11346E-05    79
137200  0.11363E-05    79
137300  0.11431E-05    79
137400  0.11484E-05    79
137500  0.11510E-05    79
137600  0.11516E-05    78
137700  0.11379E-05    78
137800  0.11576E-05    78
137900  0.11576E-05    78
138000  0.11599E-05    78
138100  0.11622E-05    78
138200  0.11670E-05    78
138300  0.11691E-05    78
138400  0.11714E-05    77
138500  0.11755E-05    77
138600  0.11772E-05    77
138700  0.11807E-05    77
138800  0.11837E-05    77
138900  0.11863E-05    77
139000  0.11891E-05    77
139100  0.11917E-05    77
139200  0.11769E-05    76
139300  0.11858E-05    76
139400  0.11875E-05    76
139500  0.11710E-05    76
139600  0.12040E-05    76
139700  0.12049E-05    76
139800  0.12083E-05    76
139900  0.12099E-05    76
140000  0.12116E-05    76
140100  0.12009E-05    76
140200  0.12094E-05    76
140300  0.12081E-05    76
140400  0.12177E-05    76
140500  0.12196E-05    76
140600  0.12225E-05    77
140700  0.12266E-05    77
140800  0.12086E-05    76
140900  0.12150E-05    76
141000  0.12277E-05    77
141100  0.12209E-05    77
141200  0.12149E-05    77
141300  0.12096E-05    77
141400  0.11920E-05    77
141500  0.11950E-05    77
141600  0.11935E-05    77
141700  0.11886E-05    77
141800  0.11704E-05    77
141900  0.11874E-05    77
142000  0.11849E-05    78
142100  0.11638E-05    77
142200  0.11708E-05    78
142300  0.11717E-05    78
142400  0.11714E-05    78
142500  0.11726E-05    78
142600  0.11766E-05    78
142700  0.11794E-05    78
142800  0.11804E-05    78
142900  0.11770E-05    78
143000  0.11743E-05    78
143100  0.11722E-05    78
143200  0.11742E-05    78
143300  0.11790E-05    78
143400  0.11816E-05    78
143500  0.11833E-05    78
143600  0.11772E-05    78
143700  0.11933E-05    78
143800  0.11983E-05    78
143900  0.12010E-05    78
144000  0.12054E-05    78
144100  0.12100E-05    78
144200  0.12143E-05    78
144300  0.12209E-05    78
144400  0.11881E-05    78
144500  0.12145E-05    78
144600  0.12363E-05    78
144700  0.12408E-05    78
144800  0.12475E-05    78
144900  0.12542E-05    78
145000  0.12522E-05    78
145100  0.12693E-05    77
145200  0.12785E-05    78
145300  0.12882E-05    77
145400  0.12948E-05    77
145500  0.12832E-05    77
145600  0.13111E-05    77
145700  0.13206E-05    77
145800  0.13220E-05    77
145900  0.13460E-05    77
146000  0.13617E-05    76
146100  0.13700E-05    76
146200  0.13766E-05    76
146300  0.13764E-05    76
146400  0.13844E-05    76
146500  0.14079E-05    76
146600  0.14219E-05    76
146700  0.14352E-05    76
146800  0.14462E-05    76
146900  0.14502E-05    76
147000  0.14551E-05    76
147100  0.14634E-05    75
147200  0.14740E-05    75
147300  0.14849E-05    75
147400  0.14912E-05    75
147500  0.14977E-05    75
147600  0.15068E-05    75
147700  0.15002E-05    75
147800  0.15201E-05    75
147900  0.15269E-05    74
148000  0.15334E-05    74
148100  0.15398E-05    74
148200  0.15466E-05    74
148300  0.15479E-05    74
148400  0.15517E-05    74
148500  0.15490E-05    74
148600  0.15725E-05    74
148700  0.15794E-05    74
148800  0.15816E-05    74
148900  0.15780E-05    74
149000  0.15716E-05    74
149100  0.15632E-05    74
149200  0.15654E-05    74
149300  0.15655E-05    74
149400  0.15459E-05    74
149500  0.15797E-05    74
149600  0.15852E-05    74
149700  0.15893E-05    74
149800  0.15883E-05    74
149900  0.15877E-05    74
150000  0.15859E-05    74
150100  0.15865E-05    74
150200  0.15906E-05    74
150300  0.15959E-05    74
150400  0.15995E-05    74
150500  0.16025E-05    74
150600  0.16047E-05    74
150700  0.16077E-05    74
150800  0.16073E-05    74
150900  0.16027E-05    74
151000  0.15970E-05    74
151100  0.15766E-05    74
151200  0.15927E-05    74
151300  0.15728E-05    74
151400  0.15901E-05    74
151500  0.15921E-05    74
151600  0.15899E-05    74
151700  0.15869E-05    74
151800  0.15783E-05    74
151900  0.15606E-05    75
152000  0.15810E-05    75
152100  0.15792E-05    75
152200  0.15774E-05    75
152300  0.15778E-05    75
152400  0.15762E-05    75
152500  0.15744E-05    76
152600  0.15749E-05    76
152700  0.15757E-05    76
152800  0.15760E-05    76
152900  0.15768E-05    76
153000  0.15776E-05    76
153100  0.15577E-05    76
153200  0.15639E-05    77
153300  0.15621E-05    77
153400  0.15435E-05    77
153500  0.15833E-05    77
153600  0.15843E-05    77
153700  0.15880E-05    77
153800  0.15602E-05    77
153900  0.15689E-05    77
154000  0.15678E-05    78
154100  0.15628E-05    78
154200  0.15667E-05    78
154300  0.15754E-05    78
154400  0.15865E-05    78
154500  0.15945E-05    78
154600  0.16018E-05    78
154700  0.16026E-05    78
154800  0.15921E-05    78
154900  0.16450E-05    79
155000  0.16518E-05    79
155100  0.16589E-05    79
155200  0.16310E-05    78
155300  0.16500E-05    79
155400  0.16682E-05    79
155500  0.16867E-05    78
155600  0.16997E-05    78
155700  0.17095E-05    78
155800  0.17123E-05    78
155900  0.17656E-05    78
156000  0.17789E-05    78
156100  0.17917E-05    78
156200  0.18067E-05    78
156300  0.18193E-05    78
156400  0.18336E-05    78
156500  0.18177E-05    78
156600  0.18374E-05    78
156700  0.18513E-05    77
156800  0.18632E-05    77
156900  0.18754E-05    77
157000  0.18908E-05    77
157100  0.19079E-05    77
157200  0.19221E-05    77
157300  0.19328E-05    77
157400  0.19421E-05    77
157500  0.19502E-05    77
157600  0.19549E-05    77
157700  0.19483E-05    77
157800  0.20026E-05    77
157900  0.20127E-05    77
158000  0.20221E-05    77
158100  0.20345E-05    77
158200  0.19833E-05    77
158300  0.20097E-05    77
158400  0.20132E-05    77
158500  0.20720E-05    77
158600  0.20817E-05    77
158700  0.20909E-05    77
158800  0.21006E-05    77
158900  0.21099E-05    77
159000  0.21196E-05    77
159100  0.21289E-05    77
159200  0.20918E-05    77
159300  0.21120E-05    77
159400  0.21178E-05    77
159500  0.21082E-05    77
159600  0.21751E-05    78
159700  0.21857E-05    78
159800  0.21957E-05    78
159900  0.22058E-05    78
160000  0.22159E-05    78
160100  0.22298E-05    78
160200  0.22407E-05    78
160300  0.22523E-05    78
160400  0.22634E-05    78
160500  0.22753E-05    78
160600  0.22870E-05    78
160700  0.22990E-05    78
160800  0.23114E-05    78
160900  0.22908E-05    78
161000  0.23190E-05    78
161100  0.23315E-05    78
161200  0.23649E-05    78
161300  0.23691E-05    78
161400  0.23723E-05    78
161500  0.24004E-05    78
161600  0.24007E-05    78
161700  0.23996E-05    79
161800  0.24238E-05    78
161900  0.24218E-05    79
162000  0.24253E-05    79
162100  0.24346E-05    79
162200  0.24717E-05    79
162300  0.24816E-05    79
162400  0.24899E-05    79
162500  0.24958E-05    80
162600  0.24996E-05    80
162700  0.25265E-05    79
162800  0.25250E-05    80
162900  0.25199E-05    80
163000  0.25098E-05    80
163100  0.24786E-05    80
163200  0.25152E-05    81
163300  0.25165E-05    81
163400  0.25177E-05    81
163500  0.25035E-05    81
163600  0.25224E-05    81
163700  0.25275E-05    81
163800  0.25178E-05    81
163900  0.25270E-05    81
164000  0.25298E-05    81
164100  0.25324E-05    81
164200  0.25349E-05    82
164300  0.25639E-05    81
164400  0.25680E-05    81
164500  0.25695E-05    82
164600  0.25737E-05    82
164700  0.25752E-05    82
164800  0.25794E-05    82
164900  0.25809E-05    83
165000  0.26108E-05    82
165100  0.26123E-05    82
165200  0.26139E-05    83
165300  0.26155E-05    83
165400  0.26454E-05    83
165500  0.26470E-05    84
165600  0.26744E-05    83
165700  0.26760E-05    84
165800  0.26751E-05    84
165900  0.27128E-05    84
166000  0.27274E-05    84
166100  0.27523E-05    84
166200  0.27436E-05    85
166300  0.27375E-05    85
166400  0.27780E-05    85
166500  0.28030E-05    85
166600  0.27891E-05    86
166700  0.28246E-05    86
166800  0.28315E-05    86
166900  0.28773E-05    86
167000  0.29025E-05    86
167100  0.29250E-05    86
167200  0.29502E-05    86
167300  0.29754E-05    86
167400  0.29981E-05    87
167500  0.30233E-05    87
167600  0.30486E-05    88
167700  0.30740E-05    88
167800  0.30993E-05    88
167900  0.31221E-05    89
168000  0.31658E-05    88
168100  0.31939E-05    88
168200  0.31879E-05    88
168300  0.32501E-05    89
168400  0.33045E-05    88
168500  0.33300E-05    89
168600  0.33530E-05    89
168700  0.34076E-05    89
168800  0.34306E-05    90
168900  0.34563E-05    90
169000  0.35268E-05    89
169100  0.35763E-05    89
169200  0.36337E-05    90
169300  0.36596E-05    90
169400  0.36829E-05    90
169500  0.37299E-05    91
169600  0.37506E-05    91
169700  0.38083E-05    91
169800  0.38687E-05    91
169900  0.39028E-05    91
170000  0.39633E-05    91
170100  0.39948E-05    92
170200  0.40501E-05    92
170300  0.41029E-05    92
170400  0.41239E-05    92
170500  0.41715E-05    93
170600  0.42138E-05    93
170700  0.42588E-05    93
170800  0.42905E-05    93
170900  0.43622E-05    93
171000  0.44340E-05    93
171100  0.44979E-05    93
171200  0.45459E-05    94
171300  0.45619E-05    94
171400  0.45752E-05    95
171500  0.46046E-05    95
171600  0.46607E-05    95
171700  0.47142E-05    96
171800  0.48748E-05    95
171900  0.49473E-05    95
172000  0.50278E-05    95
172100  0.50683E-05    96
172200  0.51007E-05    97
172300  0.51547E-05    96
172400  0.51603E-05    97
172500  0.50693E-05    97
172600  0.51018E-05    98
172700  0.51317E-05    98
172800  0.51912E-05    98
172900  0.52238E-05    99
173000  0.52564E-05    99
173100  0.54077E-05    98
173200  0.55430E-05    99
173300  0.55948E-05    99
173400  0.56115E-05    99
173500  0.55797E-05    99
173600  0.55099E-05   100
173700  0.55428E-05   100
173800  0.55758E-05   100
173900  0.56359E-05   100
174000  0.58179E-05   100
174100  0.59243E-05   100
174200  0.59711E-05   100
174300  0.59094E-05   100
174400  0.58775E-05   101
174500  0.59379E-05   101
174600  0.61208E-05   101
174700  0.63011E-05   101
174800  0.64055E-05   101
174900  0.64909E-05   101
175000  0.65600E-05   101
175100  0.66155E-05   101
175200  0.66903E-05   101
175300  0.67842E-05   102
175400  0.68591E-05   102
175500  0.69313E-05   102
175600  0.68231E-05   102
175700  0.69310E-05   102
175800  0.70636E-05   102
175900  0.71991E-05   102
176000  0.74060E-05   103
176100  0.76900E-05   102
176200  0.78672E-05   102
176300  0.80419E-05   102
176400  0.81701E-05   103
176500  0.83397E-05   103
176600  0.84929E-05   103
176700  0.86408E-05   103
176800  0.88384E-05   103
176900  0.90225E-05   103
177000  0.92316E-05   103
177100  0.93885E-05   103
177200  0.94738E-05   104
177300  0.97111E-05   104
177400  0.99514E-05   104
177500  0.10214E-04   104
177600  0.10480E-04   104
177700  0.10823E-04   104
177800  0.11381E-04   103
177900  0.11866E-04   103
178000  0.12316E-04   104
178100  0.12726E-04   104
178200  0.13141E-04   103
178300  0.13531E-04   104
178400  0.13972E-04   104
178500  0.14455E-04   104
178600  0.14970E-04   104
178700  0.15554E-04   104
178800  0.16184E-04   104
178900  0.16920E-04   104
179000  0.17724E-04   104
179100  0.18548E-04   104
179200  0.19301E-04   105
179300  0.20314E-04   105
179400  0.21516E-04   106
179500  0.22738E-04   105
179600  0.24555E-04   106
179700  0.26390E-04   106
179800  0.28309E-04   106
179900  0.30678E-04   107
180000  0.32994E-04   108
180100  0.35481E-04   108
180200  0.37549E-04   111
180300  0.39535E-04   113
180400  0.42957E-04   117
180500  0.46354E-04   120
180600  0.50205E-04   123
180700  0.54735E-04   127
180800  0.59890E-04   131
180900  0.66487E-04   135
181000  0.73317E-04   138
181100  0.84132E-04   142
181200  0.96961E-04   146
181300  0.11342E-03   150
181400  0.11345E-03   175
181500  0.11705E-03   207
181600  0.11485E-03   239
181700  0.11223E-03   269
181800  0.10875E-03   300
181900  0.10504E-03   329
182000  0.10054E-03   359
182100  0.96536E-04   388
182200  0.69263E-04   383
182300  0.83894E-04   404
182400  0.90019E-04   423
182500  0.92797E-04   443
182600  0.92393E-04   460
182700  0.67405E-04   485
182800  0.33166E-04   506
182900  0.40732E-04   618
183000  0.31977E-04   646
183100  0.25561E-04   672
183200  0.20682E-04   695
183300  0.16888E-04   718
183400  0.14135E-04   737
183500  0.12005E-04   755
183600  0.10342E-04   771
183700  0.90804E-05   786
183800  0.63918E-05   625
183900  0.76497E-05   662
184000  0.56021E-05   699
184100  0.63793E-05   704
184200  0.73265E-05   705
184300  0.79620E-05   705
184400  0.81817E-05   705
184500  0.77723E-05   705
184600  0.66783E-05   705
184700  0.50913E-05   705
184800  0.34478E-05   705
184900  0.36945E-05   705
185000  0.65257E-05   705
185100  0.96915E-05   705
185200  0.12356E-04   705
185300  0.14094E-04   705
185400  0.14142E-04   705
185500  0.11561E-04   705
185600  0.24696E-05   704
185700  0.11964E-05   992
185800  0.12775E-05   991
185900  0.13708E-05   990
186000  0.14660E-05   989
186100  0.15766E-05   988
186200  0.13699E-04   702
186300  0.20797E-04   702
186400  0.23897E-04   701
186500  0.23099E-04   701
186600  0.18447E-04   700
186700  0.76324E-05   700
186800  0.25615E-05   981
186900  0.26909E-05   981
187000  0.27923E-05   981
187100  0.64687E-05   700
187200  0.20536E-04   707
187300  0.29840E-04   707
187400  0.36977E-04   707
187500  0.42370E-04   707
187600  0.46483E-04   707
187700  0.49548E-04   707
187800  0.51504E-04   707
187900  0.52497E-04   707
188000  0.52555E-04   707
188100  0.51938E-04   707
188200  0.50852E-04   707
188300  0.49706E-04   707
188400  0.49586E-04   707
188500  0.50816E-04   707
188600  0.53163E-04   707
188700  0.56629E-04   707
188800  0.61040E-04   707
188900  0.65338E-04   707
189000  0.70318E-04   707
189100  0.75509E-04   707
189200  0.81088E-04   707
189300  0.86231E-04   707
189400  0.91203E-04   707
189500  0.95678E-04   707
189600  0.98769E-04   707
189700  0.10039E-03   707
189800  0.98223E-04   707
189900  0.90941E-04   707
190000  0.76282E-04   707
190100  0.49530E-04   707
190200  0.25483E-04  1000
190300  0.27740E-04  1000
190400  0.30215E-04  1000
190500  0.54648E-04   699
190600  0.10264E-03   735
190700  0.34272E-03   541
190800  0.80407E-03   311
190900  0.14978E-02   239
191000  0.20629E-02   208
191100  0.25077E-02   202
191200  0.26433E-02   213
191300  0.26980E-02   225
191400  0.25906E-02   226
191500  0.24255E-02   220
191600  0.21409E-02   202
191700  0.17587E-02   185
191800  0.12964E-02   167
191900  0.70530E-03   315
192000  0.30828E-03   424
192100  0.17639E-03   707
192200  0.67857E-04   707
192300  0.16438E-03  1000
192400  0.18023E-03  1000
192500  0.16369E-03   707
192600  0.30085E-03   707
192700  0.42705E-03   707
192800  0.54617E-03   707
192900  0.65490E-03   707
193000  0.15095E-03   361
193100  0.74550E-03   654
193200  0.81569E-03   580
193300  0.92268E-03   453
193400  0.10530E-02   371
193500  0.12265E-02   334
193600  0.14029E-02   324
193700  0.17762E-02   301
193800  0.22090E-02   274
193900  0.29642E-02   221
194000  0.38672E-02   166
194100  0.47912E-02   120
194200  0.56344E-02    84
194300  0.63393E-02    59
194400  0.68512E-02    49
194500  0.73152E-02    46
194600  0.76493E-02    49
194700  0.79776E-02    55
194800  0.82335E-02    52
194900  0.84867E-02    50
195000  0.88554E-02    54
195100  0.93066E-02    60
195200  0.99923E-02    72
195300  0.10916E-01    84
195400  0.12081E-01    94
195500  0.13649E-01    97
195600  0.15414E-01    95
195700  0.17887E-01    87
195800  0.20500E-01    77
195900  0.24044E-01    71
196000  0.27777E-01    65
196100  0.32494E-01    63
196200  0.37369E-01    62
196300  0.42860E-01    61
196400  0.48969E-01    60
196500  0.56002E-01    58
196600  0.63654E-01    56
196700  0.71927E-01    54
196800  0.81434E-01    53
196900  0.91564E-01    52
197000  0.10413E+00    51
197100  0.11701E+00    51
197200  0.13261E+00    52
197300  0.14887E+00    53
197400  0.16785E+00    54
197500  0.18713E+00    55
197600  0.20858E+00    57
197700  0.23132E+00    57
197800  0.25558E+00    58
197900  0.28203E+00    58
198000  0.30928E+00    59
198100  0.34337E+00    58
198200  0.37719E+00    58
198300  0.41444E+00    57
198400  0.45142E+00    57
198500  0.48874E+00    56
198600  0.52610E+00    55
198700  0.55731E+00    54
198800  0.58855E+00    53
198900  0.61704E+00    50
199000  0.64245E+00    48
199100  0.66479E+00    45
199200  0.68715E+00    43
199300  0.70612E+00    41
199400  0.72541E+00    39
199500  0.74131E+00    38
199600  0.75443E+00    37
199700  0.76103E+00    37
199800  0.76794E+00    37
199900  0.76833E+00    37
200000  0.76902E+00    37
200100  0.76629E+00    37
200200  0.76667E+00    37
200300  0.76737E+00    36
200400  0.76775E+00    36
200500  0.77126E+00    35
200600  0.77508E+00    35
200700  0.77859E+00    35
200800  0.78211E+00    36
200900  0.78562E+00    37
201000  0.78601E+00    38
201100  0.78672E+00    38
201200  0.79024E+00    39
201300  0.79691E+00    39
201400  0.80671E+00    38
201500  0.81653E+00    38
201600  0.82949E+00    37
201700  0.83933E+00    36
201800  0.84886E+00    35
201900  0.85556E+00    34
202000  0.85599E+00    33
202100  0.85956E+00    33
202200  0.85684E+00    32
202300  0.85726E+00    32
202400  0.85453E+00    34
202500  0.85180E+00    36
202600  0.84938E+00    38
202700  0.84980E+00    40
202800  0.84390E+00    41
202900  0.83800E+00    42
203000  0.83209E+00    42
203100  0.82617E+00    41
203200  0.82025E+00    40
203300  0.81749E+00    39
203400  0.81789E+00    37
203500  0.81829E+00    36
203600  0.82472E+00    35
203700  0.83147E+00    35
203800  0.84140E+00    35
203900  0.84816E+00    35
204000  0.85493E+00    35
204100  0.85853E+00    35
204200  0.86213E+00    35
204300  0.86573E+00    34
204400  0.86934E+00    33
204500  0.87614E+00    33
204600  0.88294E+00    32
204700  0.89293E+00    31
204800  0.89975E+00    31
204900  0.90976E+00    31
205000  0.91020E+00    32
205100  0.91384E+00    32
205200  0.91109E+00    33
205300  0.90834E+00    34
205400  0.90238E+00    35
205500  0.89962E+00    35
205600  0.89686E+00    36
205700  0.89409E+00    37
205800  0.89453E+00    37
205900  0.89496E+00    38
206000  0.89219E+00    38
206100  0.88941E+00    39
206200  0.88663E+00    38
206300  0.88064E+00    38
206400  0.87785E+00    37
206500  0.87184E+00    37
206600  0.87226E+00    36
206700  0.87590E+00    35
206800  0.88277E+00    35
206900  0.89286E+00    34
207000  0.89974E+00    34
207100  0.90663E+00    33
207200  0.91029E+00    33
207300  0.91073E+00    33
207400  0.90794E+00    32
207500  0.90192E+00    33
207600  0.89588E+00    33
207700  0.88985E+00    33
207800  0.88380E+00    33
207900  0.88423E+00    34
208000  0.88465E+00    34
208100  0.88832E+00    34
208200  0.88875E+00    34
208300  0.89242E+00    34
208400  0.89609E+00    33
208500  0.89652E+00    33
208600  0.89370E+00    33
208700  0.89413E+00    33
208800  0.89456E+00    33
208900  0.89499E+00    34
209000  0.89867E+00    34
209100  0.89910E+00    35
209200  0.90279E+00    36
209300  0.90322E+00    36
209400  0.90365E+00    36
209500  0.89756E+00    37
209600  0.89146E+00    37
209700  0.88535E+00    36
209800  0.87597E+00    36
209900  0.86658E+00    35
210000  0.86373E+00    34
210100  0.85759E+00    33
210200  0.86127E+00    31
210300  0.86168E+00    30
210400  0.86865E+00    30
210500  0.87562E+00    30
210600  0.87931E+00    32
210700  0.88629E+00    34
210800  0.89328E+00    36
210900  0.89699E+00    39
211000  0.90398E+00    41
211100  0.91099E+00    43
211200  0.91800E+00    44
211300  0.92830E+00    45
211400  0.93862E+00    45
211500  0.94862E+00    43
211600  0.95895E+00    42
211700  0.96600E+00    39
211800  0.97305E+00    37
211900  0.97351E+00    34
212000  0.97397E+00    32
212100  0.97443E+00    31
212200  0.97489E+00    30
212300  0.97865E+00    30
212400  0.97912E+00    32
212500  0.98289E+00    34
212600  0.98997E+00    37
212700  0.99375E+00    40
212800  0.99422E+00    42
212900  0.99468E+00    44
213000  0.98852E+00    46
213100  0.98234E+00    47
213200  0.97284E+00    48
213300  0.96001E+00    49
213400  0.95381E+00    48
213500  0.94429E+00    47
213600  0.93808E+00    46
213700  0.93519E+00    43
213800  0.93230E+00    40
213900  0.92940E+00    37
214000  0.92650E+00    34
214100  0.92360E+00    32
214200  0.92070E+00    31
214300  0.91445E+00    30
214400  0.91154E+00    29
214500  0.90862E+00    28
214600  0.90905E+00    27
214700  0.91616E+00    27
214800  0.92328E+00    26
214900  0.93375E+00    26
215000  0.94757E+00    25
215100  0.96141E+00    25
215200  0.97191E+00    26
215300  0.98243E+00    27
215400  0.98959E+00    28
215500  0.99341E+00    30
215600  0.99722E+00    31
215700  0.99769E+00    32
215800  0.99815E+00    32
215900  0.99861E+00    32
216000  0.99907E+00    32
216100  0.99954E+00    32
216200  0.10000E+01    32
216300  0.99373E+00    31
216400  0.99081E+00    31
216500  0.98116E+00    31
216600  0.96812E+00    30
216700  0.95507E+00    30
216800  0.93862E+00    29
216900  0.92217E+00    29
217000  0.90908E+00    28
217100  0.89935E+00    27
217200  0.89300E+00    27
217300  0.88664E+00    28
217400  0.88705E+00    29
217500  0.88746E+00    30
217600  0.88787E+00    32
217700  0.89167E+00    33
217800  0.89208E+00    35
217900  0.89248E+00    36
218000  0.89289E+00    38
218100  0.89670E+00    38
218200  0.90391E+00    38
218300  0.91112E+00    37
218400  0.92514E+00    36
218500  0.93578E+00    35
218600  0.95289E+00    33
218700  0.97035E+00    32
218800  0.98102E+00    31
218900  0.99169E+00    31
219000  0.99897E+00    31
219100  0.99601E+00    31
219200  0.99305E+00    31
219300  0.98667E+00    32
219400  0.97687E+00    33
219500  0.97048E+00    34
219600  0.96408E+00    35
219700  0.95768E+00    37
219800  0.95469E+00    38
219900  0.95170E+00    39
220000  0.94871E+00    39
220100  0.94914E+00    39
220200  0.94614E+00    38
220300  0.94314E+00    37
220400  0.93671E+00    36
220500  0.93370E+00    34
220600  0.92725E+00    32
220700  0.92079E+00    30
220800  0.91812E+00    28
220900  0.91509E+00    26
221000  0.91207E+00    25
221100  0.91248E+00    23
221200  0.90945E+00    22
221300  0.90986E+00    21
221400  0.90682E+00    20
221500  0.90033E+00    20
221600  0.89729E+00    20
221700  0.89079E+00    20
221800  0.88428E+00    20
221900  0.88122E+00    21
222000  0.87470E+00    23
222100  0.87164E+00    24
222200  0.87203E+00    25
222300  0.87242E+00    26
222400  0.87282E+00    26
222500  0.87321E+00    26
222600  0.87014E+00    25
222700  0.86706E+00    24
222800  0.86398E+00    23
222900  0.85742E+00    23
223000  0.85086E+00    22
223100  0.84429E+00    22
223200  0.83424E+00    22
223300  0.83114E+00    23
223400  0.82455E+00    25
223500  0.82144E+00    26
223600  0.82181E+00    27
223700  0.81869E+00    29
223800  0.81557E+00    30
223900  0.81245E+00    31
224000  0.80584E+00    31
224100  0.79922E+00    30
224200  0.78910E+00    30
224300  0.77548E+00    29
224400  0.76185E+00    28
224500  0.74820E+00    27
224600  0.73454E+00    26
224700  0.72437E+00    25
224800  0.71769E+00    24
224900  0.71101E+00    24
225000  0.70782E+00    24
225100  0.70813E+00    24
225200  0.70494E+00    25
225300  0.70174E+00    25
225400  0.69855E+00    26
225500  0.69534E+00    27
225600  0.68863E+00    27
225700  0.68542E+00    28
225800  0.68220E+00    28
225900  0.67899E+00    28
226000  0.67929E+00    28
226100  0.67959E+00    28
226200  0.68693E+00    28
226300  0.69076E+00    28
226400  0.69812E+00    28
226500  0.70195E+00    28
226600  0.70932E+00    29
226700  0.70964E+00    29
226800  0.70995E+00    29
226900  0.71026E+00    29
227000  0.70704E+00    28
227100  0.70381E+00    28
227200  0.70412E+00    26
227300  0.70443E+00    24
227400  0.70474E+00    22
227500  0.70860E+00    21
227600  0.71245E+00    19
227700  0.71631E+00    19
227800  0.72017E+00    18
227900  0.72049E+00    19
228000  0.71726E+00    19
228100  0.71757E+00    19
228200  0.71078E+00    20
228300  0.70398E+00    21
228400  0.69362E+00    23
228500  0.68680E+00    24
228600  0.67998E+00    26
228700  0.67672E+00    27
228800  0.67345E+00    28
228900  0.67374E+00    28
229000  0.67404E+00    28
229100  0.67790E+00    28
229200  0.67820E+00    29
229300  0.68206E+00    30
229400  0.68593E+00    31
229500  0.68588E+00    33
229600  0.68617E+00    35
229700  0.68647E+00    37
229800  0.69035E+00    38
229900  0.69065E+00    39
230000  0.69812E+00    39
230100  0.70200E+00    38
230200  0.70948E+00    37
230300  0.71696E+00    36
230400  0.72445E+00    34
230500  0.72835E+00    34
230600  0.73226E+00    34
230700  0.73258E+00    33
230800  0.72930E+00    33
230900  0.72962E+00    33
231000  0.72633E+00    31
231100  0.71945E+00    29
231200  0.71616E+00    27
231300  0.71287E+00    25
231400  0.70993E+00    23
231500  0.70663E+00    22
231600  0.70694E+00    20
231700  0.70364E+00    20
231800  0.69672E+00    19
231900  0.69341E+00    18
232000  0.68648E+00    18
232100  0.67593E+00    18
232200  0.66899E+00    18
232300  0.65481E+00    18
232400  0.64062E+00    18
232500  0.63003E+00    18
232600  0.61581E+00    18
232700  0.60520E+00    19
232800  0.59459E+00    19
232900  0.58759E+00    20
233000  0.58058E+00    20
233100  0.57720E+00    21
233200  0.57019E+00    23
233300  0.56316E+00    24
233400  0.55977E+00    25
233500  0.55274E+00    27
233600  0.54570E+00    27
233700  0.53865E+00    28
233800  0.53160E+00    28
233900  0.52454E+00    27
234000  0.51748E+00    27
234100  0.51405E+00    26
234200  0.51063E+00    25
234300  0.50719E+00    25
234400  0.50376E+00    24
234500  0.50398E+00    24
234600  0.50054E+00    24
234700  0.49710E+00    23
234800  0.49365E+00    23
234900  0.48654E+00    23
235000  0.47943E+00    24
235100  0.47231E+00    24
235200  0.46519E+00    25
235300  0.45439E+00    26
235400  0.44725E+00    27
235500  0.44378E+00    27
235600  0.43663E+00    28
235700  0.43314E+00    29
235800  0.43332E+00    29
235900  0.42983E+00    30
236000  0.43002E+00    30
236100  0.43388E+00    29
236200  0.43406E+00    29
236300  0.43424E+00    29
236400  0.43443E+00    28
236500  0.43461E+00    28
236600  0.43480E+00    29
236700  0.43498E+00    29
236800  0.43516E+00    29
236900  0.43535E+00    30
237000  0.43922E+00    31
237100  0.43941E+00    32
237200  0.44329E+00    32
237300  0.44717E+00    32
237400  0.45105E+00    32
237500  0.45124E+00    32
237600  0.45143E+00    32
237700  0.45162E+00    32
237800  0.45181E+00    31
237900  0.44830E+00    32
238000  0.44849E+00    32
238100  0.44497E+00    32
238200  0.44515E+00    33
238300  0.44163E+00    33
238400  0.44182E+00    35
238500  0.44572E+00    36
238600  0.44590E+00    38
238700  0.44981E+00    41
238800  0.45743E+00    43
238900  0.46134E+00    46
239000  0.46898E+00    49
239100  0.47290E+00    51
239200  0.47682E+00    53
239300  0.48075E+00    54
239400  0.48468E+00    55
239500  0.48861E+00    55
239600  0.49255E+00    54
239700  0.49275E+00    53
239800  0.49669E+00    52
239900  0.50064E+00    51
240000  0.50458E+00    50
240100  0.50853E+00    49
240200  0.51623E+00    48
240300  0.52018E+00    47
240400  0.52789E+00    45
240500  0.53560E+00    44
240600  0.53957E+00    43
240700  0.54354E+00    41
240800  0.54377E+00    39
240900  0.54774E+00    37
241000  0.54797E+00    36
241100  0.54820E+00    34
241200  0.54843E+00    34
241300  0.54865E+00    34
241400  0.54888E+00    34
241500  0.54911E+00    35
241600  0.55310E+00    37
241700  0.55709E+00    38
241800  0.56109E+00    40
241900  0.56509E+00    42
242000  0.56909E+00    43
242100  0.56932E+00    44
242200  0.56956E+00    45
242300  0.56979E+00    45
242400  0.56625E+00    44
242500  0.56649E+00    43
242600  0.56294E+00    42
242700  0.55940E+00    40
242800  0.55585E+00    39
242900  0.55607E+00    38
243000  0.55252E+00    37
243100  0.55275E+00    36
243200  0.55676E+00    36
243300  0.56078E+00    36
243400  0.56101E+00    36
243500  0.56503E+00    37
243600  0.56526E+00    37
243700  0.56929E+00    37
243800  0.56953E+00    38
243900  0.56976E+00    38
244000  0.56999E+00    38
244100  0.56642E+00    38
244200  0.56666E+00    39
244300  0.56308E+00    39
244400  0.56331E+00    39
244500  0.56354E+00    39
244600  0.55997E+00    39
244700  0.56019E+00    39
244800  0.56042E+00    40
244900  0.55684E+00    41
245000  0.55707E+00    42
245100  0.55348E+00    43
245200  0.54988E+00    44
245300  0.54285E+00    46
245400  0.53925E+00    47
245500  0.53182E+00    47
245600  0.52439E+00    47
245700  0.51695E+00    46
245800  0.50950E+00    45
245900  0.50205E+00    43
246000  0.49459E+00    42
246100  0.49096E+00    40
246200  0.48733E+00    39
246300  0.48369E+00    38
246400  0.48389E+00    38
246500  0.48408E+00    38
246600  0.48044E+00    38
246700  0.48063E+00    39
246800  0.48083E+00    39
246900  0.47718E+00    40
247000  0.47352E+00    41
247100  0.47372E+00    41
247200  0.47006E+00    42
247300  0.46255E+00    43
247400  0.45888E+00    43
247500  0.45521E+00    43
247600  0.45154E+00    44
247700  0.45172E+00    43
247800  0.44804E+00    43
247900  0.44823E+00    43
248000  0.44841E+00    42
248100  0.44859E+00    42
248200  0.44877E+00    41
248300  0.44508E+00    41
248400  0.44526E+00    41
248500  0.44157E+00    41
248600  0.43788E+00    41
248700  0.43418E+00    41
248800  0.42660E+00    42
248900  0.42290E+00    42
249000  0.41919E+00    42
249100  0.41548E+00    41
249200  0.41177E+00    41
249300  0.40805E+00    41
249400  0.40821E+00    42
249500  0.40449E+00    43
249600  0.40077E+00    44
249700  0.40093E+00    45
249800  0.39720E+00    47
249900  0.39346E+00    48
250000  0.38934E+00    49
250100  0.38529E+00    50
250200  0.37921E+00    50
250300  0.37277E+00    50
250400  0.36629E+00    50
250500  0.35945E+00    51
250600  0.35261E+00    51
250700  0.34572E+00    51
250800  0.34004E+00    52
250900  0.33514E+00    54
251000  0.33023E+00    55
251100  0.32645E+00    55
251200  0.32345E+00    55
251300  0.32045E+00    55
251400  0.31780E+00    54
251500  0.31553E+00    52
251600  0.31327E+00    51
251700  0.31100E+00    50
251800  0.30916E+00    50
251900  0.30693E+00    50
252000  0.30509E+00    50
252100  0.30329E+00    52
252200  0.30188E+00    54
252300  0.30047E+00    56
252400  0.29984E+00    59
252500  0.29921E+00    61
252600  0.29897E+00    63
252700  0.29949E+00    64
252800  0.30000E+00    65
252900  0.30012E+00    66
253000  0.30024E+00    66
253100  0.30036E+00    66
253200  0.30008E+00    66
253300  0.29823E+00    65
253400  0.29673E+00    65
253500  0.29447E+00    64
253600  0.29143E+00    63
253700  0.28834E+00    62
253800  0.28530E+00    61
253900  0.28225E+00    60
254000  0.27915E+00    59
254100  0.27649E+00    58
254200  0.27423E+00    58
254300  0.27196E+00    58
254400  0.26969E+00    58
254500  0.26742E+00    58
254600  0.26439E+00    59
254700  0.26172E+00    59
254800  0.25749E+00    60
254900  0.25247E+00    61
255000  0.24781E+00    61
255100  0.24198E+00    62
255200  0.23536E+00    62
255300  0.22913E+00    63
255400  0.22290E+00    64
255500  0.21745E+00    65
255600  0.21201E+00    66
255700  0.20731E+00    67
255800  0.20425E+00    68
255900  0.20154E+00    68
256000  0.19886E+00    69
256100  0.19695E+00    69
256200  0.19503E+00    70
256300  0.19315E+00    70
256400  0.19003E+00    71
256500  0.18615E+00    72
256600  0.18267E+00    73
256700  0.17758E+00    74
256800  0.17173E+00    75
256900  0.16548E+00    77
257000  0.15918E+00    78
257100  0.15247E+00    79
257200  0.14580E+00    81
257300  0.13949E+00    82
257400  0.13473E+00    82
257500  0.12957E+00    83
257600  0.12521E+00    83
257700  0.12333E+00    85
257800  0.12141E+00    86
257900  0.11953E+00    88
258000  0.11966E+00    90
258100  0.11982E+00    93
258200  0.12035E+00    95
258300  0.12128E+00    98
258400  0.12258E+00    99
258500  0.12432E+00   101
258600  0.12561E+00   102
258700  0.12763E+00   102
258800  0.12930E+00   102
258900  0.13132E+00   102
259000  0.13331E+00   101
259100  0.13530E+00   100
259200  0.13733E+00    99
259300  0.13855E+00    99
259400  0.14018E+00    98
259500  0.14145E+00    99
259600  0.14191E+00    99
259700  0.14232E+00   100
259800  0.14242E+00   100
259900  0.14207E+00   101
260000  0.14095E+00   103
260100  0.13942E+00   104
260200  0.13794E+00   106
260300  0.13560E+00   108
260400  0.13330E+00   110
260500  0.13100E+00   112
260600  0.12833E+00   114
260700  0.12562E+00   117
260800  0.12294E+00   119
260900  0.12068E+00   122
261000  0.11840E+00   125
261100  0.11617E+00   129
261200  0.11394E+00   132
261300  0.11174E+00   136
261400  0.10987E+00   139
261500  0.10760E+00   142
261600  0.10531E+00   144
261700  0.10299E+00   146
261800  0.10034E+00   149
261900  0.97196E-01   151
262000  0.93969E-01   152
262100  0.90821E-01   153
262200  0.87589E-01   154
262300  0.84681E-01   153
262400  0.81771E-01   153
262500  0.79227E-01   151
262600  0.77866E-01   148
262700  0.76832E-01   144
262800  0.75470E-01   141
262900  0.76154E-01   139
263000  0.76510E-01   137
263100  0.77236E-01   135
263200  0.78085E-01   135
263300  0.78976E-01   136
263400  0.79867E-01   138
263500  0.80349E-01   140
263600  0.80790E-01   140
263700  0.80862E-01   142
263800  0.80934E-01   143
263900  0.80964E-01   144
264000  0.80625E-01   145
264100  0.80244E-01   146
264200  0.80316E-01   147
264300  0.80346E-01   148
264400  0.80377E-01   149
264500  0.80448E-01   150
264600  0.80561E-01   152
264700  0.80674E-01   154
264800  0.80746E-01   156
264900  0.79662E-01   160
265000  0.78619E-01   164
265100  0.77534E-01   168
265200  0.75746E-01   173
265300  0.73089E-01   178
265400  0.70430E-01   184
265500  0.67810E-01   190
265600  0.65106E-01   194
265700  0.62027E-01   199
265800  0.59277E-01   203
265900  0.56152E-01   208
266000  0.53646E-01   210
266100  0.50848E-01   213
266200  0.48090E-01   218
266300  0.45288E-01   228
266400  0.42525E-01   236
266500  0.39719E-01   246
266600  0.37043E-01   264
266700  0.34370E-01   284
266800  0.31620E-01   304
266900  0.29591E-01   333
267000  0.29298E-01   378
267100  0.28673E-01   418
267200  0.27572E-01   453
267300  0.99783E-01   680
267400  0.11111E+00   699
267500  0.11090E+00   703
267600  0.11211E+00   707
267700  0.10844E+00   707
267800  0.10477E+00   707
267900  0.10147E+00   707
268000  0.98166E-01   707
268100  0.94862E-01   707
268200  0.91640E-01   707
268300  0.87955E-01   707
268400  0.84100E-01   707
268500  0.80410E-01   707
268600  0.76885E-01   707
268700  0.73482E-01   707
268800  0.70328E-01   707
268900  0.67255E-01   707
269000  0.64306E-01   707
269100  0.61564E-01   707
269200  0.58903E-01   707
269300  0.56367E-01   707
269400  0.53954E-01   707
269500  0.51540E-01   707
269600  0.49250E-01   707
269700  0.47084E-01   707
269800  0.44959E-01   707
269900  0.42874E-01   707
270000  0.40354E-01   706
270100  0.37446E-01   706
270200  0.34556E-01   704
270300  0.30296E-01   683
270400  0.18525E-01   416
270500  0.19858E-01   385
270600  0.21391E-01   350
270700  0.23199E-01   313
270800  0.24528E-01   305
270900  0.25879E-01   296
271000  0.27247E-01   288
271100  0.28186E-01   283
271200  0.28682E-01   281
271300  0.29086E-01   280
271400  0.29515E-01   278
271500  0.29382E-01   278
271600  0.29266E-01   276
271700  0.29129E-01   274
271800  0.28847E-01   271
271900  0.28481E-01   267
272000  0.28161E-01   263
272100  0.27862E-01   258
272200  0.27279E-01   255
272300  0.26551E-01   253
272400  0.25903E-01   251
272500  0.25013E-01   250
272600  0.23248E-01   255
272700  0.21494E-01   260
272800  0.19845E-01   265
272900  0.17468E-01   278
273000  0.14859E-01   295
273100  0.12496E-01   311
273200  0.10186E-01   331
273300  0.60779E-02   412
273400  0.36136E-02   477
273500  0.21906E-02   526
273600  0.16946E-02   500
273700  0.26696E-03   321
273800  0.44431E-03   707
273900  0.37452E-03   707
274000  0.31483E-03   707
274100  0.26607E-03   707
274200  0.22355E-03   707
274300  0.18877E-03   707
274400  0.15948E-03   707
274500  0.13389E-03   707
274600  0.11260E-03   707
274700  0.94716E-04   707
274800  0.79644E-04   707
274900  0.66872E-04   707
275000  0.56318E-04   707
275100  0.47341E-04   707
275200  0.39764E-04   707
275300  0.33420E-04   707
275400  0.30353E-04   707
275500  0.28425E-04   707
275600  0.26577E-04   707
275700  0.24886E-04   707
275800  0.23198E-04   707
275900  0.21742E-04   707
276000  0.20361E-04   707
276100  0.19057E-04   707
276200  0.17834E-04   707
276300  0.16687E-04   707
276400  0.15617E-04   707
276500  0.14546E-04   707
276600  0.13608E-04   707
276700  0.12725E-04   707
276800  0.11911E-04   707
276900  0.11113E-04   707
277000  0.10371E-04   707
277100  0.97054E-05   707
277200  0.20609E-04   658
277300  0.31029E-04   642
277400  0.74738E-04   597
277500  0.37836E-03   502
277600  0.34715E-02   332
277700  0.46232E-02   314
277800  0.60612E-02   295
277900  0.77859E-02   276
278000  0.91135E-02   265
278100  0.94632E-02   265
278200  0.97179E-02   267
278300  0.10068E-01   267
278400  0.10176E-01   269
278500  0.10201E-01   272
278600  0.10235E-01   275
278700  0.10282E-01   278
278800  0.10225E-01   281
278900  0.10216E-01   284
279000  0.10215E-01   286
279100  0.10058E-01   290
279200  0.92572E-02   298
279300  0.85689E-02   306
279400  0.79019E-02   313
279500  0.66076E-02   329
279600  0.48464E-02   354
279700  0.35244E-02   379
279800  0.25783E-02   402
279900  0.57147E-03   519
280000  0.15960E-03   604
280500  0.38429E-04   707
281000  0.46562E-04   707
281500  0.50328E-04   707
282000  0.54545E-04   707
282500  0.59438E-04   707
283000  0.62452E-04   707
283500  0.61370E-04   707
284000  0.60947E-04   707
284500  0.60745E-04   707
285000  0.56191E-04   707
285500  0.48420E-04   707
